response-time,DNS+dialup,DNS,Request-write,Response-delay,Response-read,status-code,offset
0.1401,0.0382,0.0000,0.0002,0.1014,0.0002,200,0.0005
0.1074,0.0000,0.0000,0.0001,0.1069,0.0003,200,0.1406
0.0649,0.0000,0.0000,0.0001,0.0644,0.0002,200,0.2480
0.0674,0.0000,0.0000,0.0001,0.0671,0.0001,200,0.3128
0.0692,0.0000,0.0000,0.0001,0.0690,0.0001,200,0.3802
0.0677,0.0000,0.0000,0.0001,0.0675,0.0001,200,0.4494
0.0631,0.0000,0.0000,0.0001,0.0628,0.0001,200,0.5171
0.0614,0.0000,0.0000,0.0001,0.0612,0.0001,200,0.5802
0.0562,0.0000,0.0000,0.0001,0.0560,0.0001,200,0.6416
0.0615,0.0000,0.0000,0.0000,0.0613,0.0001,200,0.6978
0.0605,0.0000,0.0000,0.0000,0.0603,0.0001,200,0.7593
0.1773,0.0000,0.0000,0.0001,0.1770,0.0001,200,0.8198
0.3954,0.0000,0.0000,0.0001,0.3952,0.0002,200,0.9971
0.5197,0.0000,0.0000,0.0001,0.5194,0.0002,200,1.3926
0.7176,0.0000,0.0000,0.0001,0.7173,0.0001,200,1.9123
0.4087,0.0000,0.0000,0.0001,0.4084,0.0002,200,2.6299
0.4092,0.0000,0.0000,0.0001,0.4089,0.0001,200,3.0386
0.4096,0.0000,0.0000,0.0001,0.4093,0.0001,200,3.4478
0.6894,0.0000,0.0000,0.0001,0.6891,0.0001,200,3.8574
0.5396,0.0000,0.0000,0.0001,0.5393,0.0001,200,4.5468
0.3105,0.0000,0.0000,0.0001,0.3102,0.0001,200,5.0864
0.2015,0.0000,0.0000,0.0001,0.2012,0.0002,200,5.3968
0.5119,0.0000,0.0000,0.0001,0.5116,0.0002,200,5.5983
0.3070,0.0000,0.0000,0.0001,0.3067,0.0002,200,6.1103
0.6161,0.0000,0.0000,0.0001,0.6158,0.0001,200,6.4173
0.6136,0.0000,0.0000,0.0001,0.6133,0.0002,200,7.0334
0.8184,0.0000,0.0000,0.0001,0.8181,0.0001,200,7.6471
0.4100,0.0000,0.0000,0.0001,0.4097,0.0001,200,8.4655
0.6141,0.0000,0.0000,0.0001,0.6138,0.0002,200,8.8755
0.4099,0.0000,0.0000,0.0001,0.4096,0.0001,200,9.4896
0.3108,0.0000,0.0000,0.0001,0.3105,0.0001,200,9.8994
0.4060,0.0000,0.0000,0.0001,0.4057,0.0001,200,10.2102
0.4094,0.0000,0.0000,0.0001,0.4091,0.0001,200,10.6162
0.3670,0.0000,0.0000,0.0001,0.3667,0.0002,200,11.0256
0.4937,0.0000,0.0000,0.0001,0.4934,0.0001,200,11.3926
0.3684,0.0000,0.0000,0.0001,0.3681,0.0001,200,11.8863
0.4096,0.0000,0.0000,0.0001,0.4093,0.0002,200,12.2547
0.4095,0.0000,0.0000,0.0001,0.4093,0.0001,200,12.6643
0.8190,0.0000,0.0000,0.0001,0.8187,0.0001,200,13.0738
0.9458,0.0000,0.0000,0.0001,0.9455,0.0001,200,13.8928
0.3659,0.0000,0.0000,0.0001,0.3656,0.0001,200,14.8386
0.4291,0.0000,0.0000,0.0001,0.4289,0.0001,200,15.2045
0.2048,0.0000,0.0000,0.0001,0.2045,0.0001,200,15.6336
0.3685,0.0000,0.0000,0.0001,0.3682,0.0002,200,15.8384
0.6558,0.0000,0.0000,0.0001,0.6555,0.0001,200,16.2069
0.3452,0.0000,0.0000,0.0001,0.3449,0.0001,200,16.8627
0.4735,0.0000,0.0000,0.0001,0.4732,0.0002,200,17.2079
0.2051,0.0000,0.0000,0.0001,0.2048,0.0002,200,17.6814
1.1259,0.0000,0.0000,0.0001,1.1254,0.0001,200,17.8866
0.4101,0.0000,0.0000,0.0001,0.4098,0.0001,200,19.0125
0.6144,0.0000,0.0000,0.0001,0.6141,0.0002,200,19.4226
0.5928,0.0000,0.0000,0.0001,0.5924,0.0002,200,20.0370
0.4313,0.0000,0.0000,0.0001,0.4310,0.0001,200,20.6298
0.5321,0.0000,0.0000,0.0001,0.5319,0.0001,200,21.0611
0.2869,0.0000,0.0000,0.0001,0.2866,0.0002,200,21.5933
0.4095,0.0000,0.0000,0.0001,0.4092,0.0002,200,21.8801
0.4099,0.0000,0.0000,0.0001,0.4095,0.0002,200,22.2896
0.3075,0.0000,0.0000,0.0001,0.3071,0.0002,200,22.6996
0.3833,0.0000,0.0000,0.0001,0.3828,0.0002,200,23.0071
0.4353,0.0000,0.0000,0.0001,0.4349,0.0002,200,23.3904
0.4097,0.0000,0.0000,0.0001,0.4094,0.0001,200,23.8257
0.7186,0.0000,0.0000,0.0001,0.7184,0.0001,200,24.2354
0.7152,0.0000,0.0000,0.0001,0.7149,0.0001,200,24.9540
0.6147,0.0000,0.0000,0.0001,0.6143,0.0002,200,25.6692
0.4102,0.0000,0.0000,0.0001,0.4098,0.0001,200,26.2838
0.4091,0.0000,0.0000,0.0001,0.4087,0.0002,200,26.6940
0.4092,0.0000,0.0000,0.0001,0.4089,0.0001,200,27.1031
0.3452,0.0000,0.0000,0.0000,0.3449,0.0001,200,27.5123
0.3720,0.0000,0.0000,0.0001,0.3717,0.0002,200,27.8575
0.6139,0.0000,0.0000,0.0001,0.6136,0.0001,200,28.2295
0.4096,0.0000,0.0000,0.0001,0.4092,0.0003,200,28.8435
0.3390,0.0000,0.0000,0.0001,0.3387,0.0002,200,29.2531
0.4072,0.0000,0.0000,0.0001,0.4069,0.0001,200,29.5920
0.4991,0.0000,0.0000,0.0001,0.4988,0.0001,200,29.9992
0.6547,0.0000,0.0000,0.0001,0.6544,0.0002,200,30.4983
0.6740,0.0000,0.0000,0.0001,0.6737,0.0002,200,31.1530
0.6369,0.0000,0.0000,0.0001,0.6365,0.0002,200,31.8271
0.3307,0.0000,0.0000,0.0001,0.3303,0.0001,200,32.4639
0.5972,0.0000,0.0000,0.0001,0.5969,0.0001,200,32.7946
0.4012,0.0000,0.0000,0.0001,0.4010,0.0001,200,33.3919
0.4776,0.0000,0.0000,0.0001,0.4774,0.0002,200,33.7931
0.3242,0.0000,0.0000,0.0001,0.3239,0.0001,200,34.2707
0.3973,0.0000,0.0000,0.0001,0.3970,0.0002,200,34.5949
0.7317,0.0000,0.0000,0.0001,0.7313,0.0001,200,34.9922
0.4103,0.0000,0.0000,0.0001,0.4101,0.0001,200,35.7239
0.2870,0.0000,0.0000,0.0001,0.2867,0.0001,200,36.1342
0.4095,0.0000,0.0000,0.0001,0.4091,0.0002,200,36.4213
0.4096,0.0000,0.0000,0.0001,0.4092,0.0002,200,36.8308
0.6148,0.0000,0.0000,0.0001,0.6144,0.0001,200,37.2404
0.7375,0.0000,0.0000,0.0001,0.7372,0.0001,200,37.8551
0.4906,0.0000,0.0000,0.0000,0.4904,0.0001,200,38.5927
0.3104,0.0000,0.0000,0.0000,0.3103,0.0001,200,39.0833
0.4684,0.0000,0.0000,0.0000,0.4682,0.0001,200,39.3937
0.3332,0.0000,0.0000,0.0001,0.3330,0.0001,200,39.8622
0.8346,0.0000,0.0000,0.0001,0.8344,0.0001,200,40.1953
0.4090,0.0000,0.0000,0.0001,0.4088,0.0001,200,41.0300
0.4098,0.0000,0.0000,0.0001,0.4096,0.0001,200,41.4389
0.4101,0.0000,0.0000,0.0001,0.4098,0.0002,200,41.8487
0.3549,0.0000,0.0000,0.0001,0.3547,0.0001,200,42.2589
0.3853,0.0000,0.0000,0.0001,0.3850,0.0001,200,42.6138
