response-time,DNS+dialup,DNS,Request-write,Response-delay,Response-read,status-code,offset
0.3264,0.0386,0.0000,0.0004,0.2871,0.0001,200,0.0005
0.1832,0.0000,0.0000,0.0000,0.1829,0.0002,200,0.3269
0.2266,0.0000,0.0000,0.0001,0.2263,0.0001,200,0.5101
0.2045,0.0000,0.0000,0.0000,0.2043,0.0001,200,0.7366
0.2047,0.0000,0.0000,0.0000,0.2045,0.0001,200,0.9411
0.2421,0.0000,0.0000,0.0001,0.2419,0.0001,200,1.1459
0.2702,0.0000,0.0000,0.0001,0.2699,0.0001,200,1.3880
0.2989,0.0000,0.0000,0.0001,0.2987,0.0001,200,1.6582
0.1733,0.0000,0.0000,0.0001,0.1730,0.0001,200,1.9571
0.2446,0.0000,0.0000,0.0001,0.2443,0.0001,200,2.1305
0.3093,0.0000,0.0000,0.0001,0.3090,0.0001,200,2.3751
0.4076,0.0000,0.0000,0.0001,0.4072,0.0002,200,2.6843
0.1676,0.0000,0.0000,0.0001,0.1673,0.0001,200,3.0919
0.2417,0.0000,0.0000,0.0001,0.2414,0.0002,200,3.2595
0.3563,0.0000,0.0000,0.0001,0.3560,0.0001,200,3.5013
0.2582,0.0000,0.0000,0.0001,0.2579,0.0001,200,3.8576
1.1263,0.0000,0.0000,0.0001,1.1260,0.0001,200,4.1157
0.3091,0.0000,0.0000,0.0001,0.3088,0.0001,200,5.2421
0.2901,0.0000,0.0000,0.0001,0.2897,0.0001,200,5.5512
0.3223,0.0000,0.0000,0.0001,0.3220,0.0001,200,5.8413
0.5123,0.0000,0.0000,0.0001,0.5120,0.0002,200,6.1636
0.5951,0.0000,0.0000,0.0001,0.5948,0.0001,200,6.6759
0.2238,0.0000,0.0000,0.0000,0.2236,0.0001,200,7.2711
0.8194,0.0000,0.0000,0.0001,0.8191,0.0001,200,7.4948
0.3071,0.0000,0.0000,0.0001,0.3068,0.0001,200,8.3142
0.4099,0.0000,0.0000,0.0001,0.4096,0.0002,200,8.6214
0.3985,0.0000,0.0000,0.0001,0.3982,0.0001,200,9.0313
0.4207,0.0000,0.0000,0.0001,0.4204,0.0001,200,9.4298
0.4096,0.0000,0.0000,0.0001,0.4092,0.0002,200,9.8504
0.4182,0.0000,0.0000,0.0001,0.4179,0.0002,200,10.2600
0.5339,0.0000,0.0000,0.0001,0.5336,0.0001,200,10.6783
0.4815,0.0000,0.0000,0.0001,0.4812,0.0001,200,11.2121
0.6141,0.0000,0.0000,0.0001,0.6139,0.0001,200,11.6936
0.3074,0.0000,0.0000,0.0001,0.3071,0.0001,200,12.3078
0.5116,0.0000,0.0000,0.0001,0.5113,0.0001,200,12.6152
0.7173,0.0000,0.0000,0.0001,0.7170,0.0001,200,13.1268
0.6138,0.0000,0.0000,0.0001,0.6135,0.0001,200,13.8441
0.5655,0.0000,0.0000,0.0001,0.5652,0.0001,200,14.4580
0.5628,0.0000,0.0000,0.0001,0.5625,0.0001,200,15.0235
0.3070,0.0000,0.0000,0.0001,0.3068,0.0001,200,15.5863
0.1817,0.0000,0.0000,0.0001,0.1815,0.0002,200,15.8933
0.3769,0.0000,0.0000,0.0001,0.3766,0.0001,200,16.0751
0.5681,0.0000,0.0000,0.0001,0.5678,0.0001,200,16.4519
0.3977,0.0000,0.0000,0.0001,0.3973,0.0002,200,17.0200
0.4213,0.0000,0.0000,0.0001,0.4211,0.0001,200,17.4177
0.5119,0.0000,0.0000,0.0001,0.5117,0.0001,200,17.8390
0.5120,0.0000,0.0000,0.0001,0.5117,0.0001,200,18.3510
0.8512,0.0000,0.0000,0.0001,0.8509,0.0002,200,18.8629
0.5823,0.0000,0.0000,0.0001,0.5820,0.0001,200,19.7142
0.6143,0.0000,0.0000,0.0001,0.6140,0.0001,200,20.2965
0.6487,0.0000,0.0000,0.0001,0.6485,0.0001,200,20.9108
0.2729,0.0000,0.0000,0.0001,0.2726,0.0001,200,21.5596
0.5127,0.0000,0.0000,0.0002,0.5123,0.0002,200,21.8324
0.5114,0.0000,0.0000,0.0001,0.5111,0.0001,200,22.3451
0.6144,0.0000,0.0000,0.0001,0.6141,0.0002,200,22.8565
0.2186,0.0000,0.0000,0.0001,0.2183,0.0002,200,23.4710
0.3962,0.0000,0.0000,0.0001,0.3958,0.0002,200,23.6896
0.2053,0.0000,0.0000,0.0001,0.2049,0.0002,200,24.0857
0.8185,0.0000,0.0000,0.0002,0.8181,0.0001,200,24.2910
0.6145,0.0000,0.0000,0.0001,0.6142,0.0001,200,25.1095
0.6143,0.0000,0.0000,0.0001,0.6141,0.0001,200,25.7240
0.2991,0.0000,0.0000,0.0001,0.2988,0.0002,200,26.3383
0.5991,0.0000,0.0000,0.0001,0.5989,0.0001,200,26.6375
0.6377,0.0000,0.0000,0.0000,0.6375,0.0001,200,27.2366
0.4045,0.0000,0.0000,0.0001,0.4042,0.0002,200,27.8743
0.2098,0.0000,0.0000,0.0001,0.2094,0.0002,200,28.2788
0.6144,0.0000,0.0000,0.0001,0.6141,0.0001,200,28.4886
0.3137,0.0000,0.0000,0.0001,0.3134,0.0001,200,29.1031
0.5056,0.0000,0.0000,0.0001,0.5053,0.0002,200,29.4168
0.8189,0.0000,0.0000,0.0001,0.8184,0.0003,200,29.9223
0.4740,0.0000,0.0000,0.0001,0.4737,0.0001,200,30.7412
0.5506,0.0000,0.0000,0.0001,0.5503,0.0002,200,31.2152
0.5233,0.0000,0.0000,0.0001,0.5230,0.0001,200,31.7658
0.4320,0.0000,0.0000,0.0001,0.4316,0.0002,200,32.2891
0.5803,0.0000,0.0000,0.0001,0.5800,0.0001,200,32.7211
0.5119,0.0000,0.0000,0.0001,0.5116,0.0001,200,33.3014
0.7178,0.0000,0.0000,0.0001,0.7176,0.0001,200,33.8133
0.3739,0.0000,0.0000,0.0001,0.3736,0.0002,200,34.5312
0.4447,0.0000,0.0000,0.0001,0.4444,0.0002,200,34.9051
0.7187,0.0000,0.0000,0.0001,0.7183,0.0002,200,35.3499
1.1523,0.0000,0.0000,0.0001,1.1519,0.0001,200,36.0685
0.1767,0.0000,0.0000,0.0000,0.1765,0.0001,200,37.2208
0.3074,0.0000,0.0000,0.0001,0.3071,0.0002,200,37.3975
0.2045,0.0000,0.0000,0.0001,0.2042,0.0001,200,37.7049
0.4097,0.0000,0.0000,0.0001,0.4094,0.0001,200,37.9094
0.3085,0.0000,0.0000,0.0001,0.3082,0.0001,200,38.3191
0.5112,0.0000,0.0000,0.0001,0.5109,0.0001,200,38.6276
0.5123,0.0000,0.0000,0.0001,0.5118,0.0002,200,39.1388
0.1669,0.0000,0.0000,0.0001,0.1665,0.0002,200,39.6510
0.4470,0.0000,0.0000,0.0001,0.4467,0.0002,200,39.8179
0.4180,0.0000,0.0000,0.0001,0.4176,0.0002,200,40.2649
0.8109,0.0000,0.0000,0.0001,0.8106,0.0001,200,40.6829
0.6143,0.0000,0.0000,0.0001,0.6140,0.0001,200,41.4938
0.4094,0.0000,0.0000,0.0001,0.4091,0.0001,200,42.1080
0.7089,0.0000,0.0000,0.0001,0.7086,0.0001,200,42.5174
0.6228,0.0000,0.0000,0.0001,0.6226,0.0002,200,43.2263
0.5254,0.0000,0.0000,0.0001,0.5251,0.0001,200,43.8491
0.2940,0.0000,0.0000,0.0001,0.2936,0.0001,200,44.3745
0.7166,0.0000,0.0000,0.0001,0.7162,0.0002,200,44.6685
0.3072,0.0000,0.0000,0.0001,0.3069,0.0001,200,45.3851
