response-time,DNS+dialup,DNS,Request-write,Response-delay,Response-read,status-code,offset
0.3384,0.0363,0.0000,0.0004,0.3012,0.0003,200,0.0005
0.4306,0.0000,0.0000,0.0001,0.4303,0.0002,200,0.3389
0.4910,0.0000,0.0000,0.0001,0.4905,0.0004,200,0.7695
0.6139,0.0000,0.0000,0.0001,0.6135,0.0002,200,1.2605
0.2051,0.0000,0.0000,0.0001,0.2048,0.0001,200,1.8744
0.2582,0.0000,0.0000,0.0001,0.2579,0.0001,200,2.0794
0.4587,0.0000,0.0000,0.0001,0.4584,0.0002,200,2.3377
0.5124,0.0000,0.0000,0.0001,0.5120,0.0002,200,2.7964
0.5118,0.0000,0.0000,0.0001,0.5114,0.0001,200,3.3088
0.2101,0.0000,0.0000,0.0001,0.2099,0.0001,200,3.8206
0.1722,0.0000,0.0000,0.0000,0.1720,0.0001,200,4.0307
0.2319,0.0000,0.0000,0.0001,0.2316,0.0001,200,4.2028
0.2052,0.0000,0.0000,0.0001,0.2049,0.0002,200,4.4347
0.3072,0.0000,0.0000,0.0001,0.3070,0.0001,200,4.6399
0.4095,0.0000,0.0000,0.0001,0.4091,0.0002,200,4.9471
0.2100,0.0000,0.0000,0.0001,0.2098,0.0001,200,5.3566
0.2581,0.0000,0.0000,0.0001,0.2578,0.0002,200,5.5667
0.3279,0.0000,0.0000,0.0001,0.3276,0.0001,200,5.8248
0.6375,0.0000,0.0000,0.0001,0.6371,0.0002,200,6.1527
0.5119,0.0000,0.0000,0.0001,0.5115,0.0001,200,6.7902
0.5255,0.0000,0.0000,0.0001,0.5251,0.0002,200,7.3021
0.1955,0.0000,0.0000,0.0001,0.1952,0.0001,200,7.8275
0.2350,0.0000,0.0000,0.0001,0.2346,0.0002,200,8.0231
0.2726,0.0000,0.0000,0.0001,0.2722,0.0002,200,8.2581
0.3125,0.0000,0.0000,0.0001,0.3122,0.0001,200,8.5306
0.5071,0.0000,0.0000,0.0001,0.5068,0.0002,200,8.8431
0.5117,0.0000,0.0000,0.0001,0.5113,0.0002,200,9.3502
0.5124,0.0000,0.0000,0.0001,0.5121,0.0001,200,9.8619
0.4113,0.0000,0.0000,0.0001,0.4111,0.0001,200,10.3743
0.8479,0.0000,0.0000,0.0001,0.8475,0.0001,200,10.7856
0.3721,0.0000,0.0000,0.0001,0.3719,0.0001,200,11.6335
0.6210,0.0000,0.0000,0.0001,0.6207,0.0002,200,12.0057
1.0010,0.0000,0.0000,0.0001,1.0008,0.0001,200,12.6266
0.6805,0.0000,0.0000,0.0001,0.6804,0.0001,200,13.6277
0.3667,0.0000,0.0000,0.0000,0.3665,0.0001,200,14.3082
0.2094,0.0000,0.0000,0.0001,0.2091,0.0002,200,14.6749
0.4094,0.0000,0.0000,0.0001,0.4092,0.0001,200,14.8843
0.4990,0.0000,0.0000,0.0001,0.4987,0.0002,200,15.2937
0.3159,0.0000,0.0000,0.0001,0.3155,0.0002,200,15.7927
0.6145,0.0000,0.0000,0.0001,0.6142,0.0002,200,16.1086
0.6839,0.0000,0.0000,0.0001,0.6836,0.0002,200,16.7231
0.2568,0.0000,0.0000,0.0001,0.2565,0.0002,200,17.4071
0.3292,0.0000,0.0000,0.0001,0.3289,0.0002,200,17.6639
0.6541,0.0000,0.0000,0.0001,0.6538,0.0001,200,17.9931
0.3285,0.0000,0.0000,0.0001,0.3282,0.0002,200,18.6472
0.4097,0.0000,0.0000,0.0001,0.4095,0.0001,200,18.9757
0.6142,0.0000,0.0000,0.0001,0.6139,0.0001,200,19.3854
0.6145,0.0000,0.0000,0.0001,0.6142,0.0001,200,19.9996
0.2503,0.0000,0.0000,0.0001,0.2500,0.0001,200,20.6141
0.3643,0.0000,0.0000,0.0001,0.3639,0.0002,200,20.8644
0.5118,0.0000,0.0000,0.0001,0.5115,0.0002,200,21.2287
0.2715,0.0000,0.0000,0.0001,0.2712,0.0001,200,21.7405
0.6504,0.0000,0.0000,0.0001,0.6501,0.0002,200,22.0120
0.5121,0.0000,0.0000,0.0001,0.5119,0.0001,200,22.6624
0.5123,0.0000,0.0000,0.0000,0.5120,0.0001,200,23.1746
0.1765,0.0000,0.0000,0.0001,0.1762,0.0001,200,23.6868
0.2898,0.0000,0.0000,0.0001,0.2895,0.0001,200,23.8634
0.5570,0.0000,0.0000,0.0001,0.5566,0.0002,200,24.1531
0.8048,0.0000,0.0000,0.0001,0.8045,0.0001,200,24.7101
0.6757,0.0000,0.0000,0.0001,0.6754,0.0001,200,25.5149
0.5250,0.0000,0.0000,0.0001,0.5246,0.0001,200,26.1906
0.4953,0.0000,0.0000,0.0001,0.4951,0.0001,200,26.7156
0.5275,0.0000,0.0000,0.0001,0.5273,0.0001,200,27.2109
0.2088,0.0000,0.0000,0.0001,0.2086,0.0001,200,27.7385
0.4494,0.0000,0.0000,0.0001,0.4492,0.0001,200,27.9473
0.2970,0.0000,0.0000,0.0000,0.2968,0.0001,200,28.3967
0.6235,0.0000,0.0000,0.0001,0.6233,0.0001,200,28.6937
0.6314,0.0000,0.0000,0.0001,0.6311,0.0001,200,29.3173
0.6375,0.0000,0.0000,0.0001,0.6373,0.0001,200,29.9486
0.7925,0.0000,0.0000,0.0001,0.7922,0.0001,200,30.5862
0.9486,0.0000,0.0000,0.0001,0.9484,0.0001,200,31.3786
0.2677,0.0000,0.0000,0.0001,0.2674,0.0001,200,32.3272
0.1920,0.0000,0.0000,0.0001,0.1917,0.0001,200,32.5949
0.5248,0.0000,0.0000,0.0001,0.5246,0.0001,200,32.7869
0.7843,0.0000,0.0000,0.0001,0.7841,0.0001,200,33.3118
0.2213,0.0000,0.0000,0.0001,0.2211,0.0001,200,34.0961
0.4278,0.0000,0.0000,0.0000,0.4277,0.0001,200,34.3174
0.8191,0.0000,0.0000,0.0001,0.8189,0.0001,200,34.7452
0.6248,0.0000,0.0000,0.0001,0.6244,0.0001,200,35.5643
0.7065,0.0000,0.0000,0.0001,0.7062,0.0001,200,36.1891
0.4097,0.0000,0.0000,0.0001,0.4094,0.0002,200,36.8955
0.3073,0.0000,0.0000,0.0001,0.3069,0.0001,200,37.3052
0.3228,0.0000,0.0000,0.0001,0.3225,0.0002,200,37.6125
0.4833,0.0000,0.0000,0.0001,0.4831,0.0002,200,37.9353
0.2173,0.0000,0.0000,0.0001,0.2171,0.0001,200,38.4187
0.3078,0.0000,0.0000,0.0001,0.3075,0.0002,200,38.6360
0.7165,0.0000,0.0000,0.0001,0.7163,0.0001,200,38.9438
0.8190,0.0000,0.0000,0.0001,0.8185,0.0002,200,39.6604
0.3778,0.0000,0.0000,0.0001,0.3776,0.0001,200,40.4794
1.0809,0.0000,0.0000,0.0001,1.0806,0.0001,200,40.8572
0.3678,0.0000,0.0000,0.0001,0.3675,0.0001,200,41.9381
0.5046,0.0000,0.0000,0.0001,0.5043,0.0002,200,42.3059
0.9460,0.0000,0.0000,0.0001,0.9456,0.0003,200,42.8105
0.2949,0.0000,0.0000,0.0001,0.2945,0.0001,200,43.7565
0.2338,0.0000,0.0000,0.0001,0.2335,0.0001,200,44.0514
0.4956,0.0000,0.0000,0.0001,0.4952,0.0002,200,44.2852
0.5518,0.0000,0.0000,0.0001,0.5513,0.0003,200,44.7808
0.2024,0.0000,0.0000,0.0001,0.2021,0.0001,200,45.3325
0.3380,0.0000,0.0000,0.0001,0.3377,0.0001,200,45.5350
0.2478,0.0000,0.0000,0.0001,0.2475,0.0001,200,45.8730
