response-time,DNS+dialup,DNS,Request-write,Response-delay,Response-read,status-code,offset
0.0964,0.0371,0.0000,0.0005,0.0584,0.0002,200,0.0007
0.0531,0.0000,0.0000,0.0001,0.0527,0.0002,200,0.0971
0.0643,0.0000,0.0000,0.0001,0.0640,0.0002,200,0.1502
0.0829,0.0000,0.0000,0.0001,0.0826,0.0002,200,0.2145
0.0538,0.0000,0.0000,0.0001,0.0535,0.0002,200,0.2974
0.0606,0.0000,0.0000,0.0001,0.0604,0.0001,200,0.3512
0.0506,0.0000,0.0000,0.0001,0.0503,0.0002,200,0.4119
0.0520,0.0000,0.0000,0.0001,0.0517,0.0001,200,0.4625
0.0674,0.0000,0.0000,0.0001,0.0671,0.0001,200,0.5145
0.0676,0.0000,0.0000,0.0001,0.0674,0.0001,200,0.5819
0.3769,0.0000,0.0000,0.0000,0.3767,0.0001,200,0.6495
0.0956,0.0000,0.0000,0.0001,0.0953,0.0001,200,1.0264
0.5189,0.0000,0.0000,0.0001,0.5187,0.0001,200,1.1220
0.0979,0.0000,0.0000,0.0001,0.0976,0.0002,200,1.6409
0.4140,0.0000,0.0000,0.0001,0.4137,0.0001,200,1.7389
0.4099,0.0000,0.0000,0.0001,0.4096,0.0002,200,2.1528
0.4096,0.0000,0.0000,0.0001,0.4093,0.0001,200,2.5627
0.3490,0.0000,0.0000,0.0001,0.3487,0.0002,200,2.9723
0.6066,0.0000,0.0000,0.0001,0.6063,0.0002,200,3.3214
0.5897,0.0000,0.0000,0.0001,0.5894,0.0002,200,3.9280
0.7074,0.0000,0.0000,0.0001,0.7071,0.0002,200,4.5177
0.5120,0.0000,0.0000,0.0001,0.5117,0.0001,200,5.2251
0.5121,0.0000,0.0000,0.0001,0.5119,0.0002,200,5.7371
0.3073,0.0000,0.0000,0.0001,0.3069,0.0002,200,6.2492
0.3609,0.0000,0.0000,0.0001,0.3606,0.0001,200,6.5565
0.6629,0.0000,0.0000,0.0001,0.6625,0.0002,200,6.9174
0.4114,0.0000,0.0000,0.0001,0.4110,0.0002,200,7.5803
0.3322,0.0000,0.0000,0.0001,0.3319,0.0001,200,7.9916
0.2804,0.0000,0.0000,0.0001,0.2801,0.0002,200,8.3238
0.2045,0.0000,0.0000,0.0001,0.2041,0.0002,200,8.6042
0.3103,0.0000,0.0000,0.0001,0.3100,0.0001,200,8.8088
0.5999,0.0000,0.0000,0.0001,0.5997,0.0001,200,9.1191
0.8309,0.0000,0.0000,0.0001,0.8306,0.0001,200,9.7191
0.5684,0.0000,0.0000,0.0001,0.5681,0.0001,200,10.5499
0.4556,0.0000,0.0000,0.0001,0.4553,0.0001,200,11.1183
0.4095,0.0000,0.0000,0.0001,0.4092,0.0001,200,11.5740
0.6143,0.0000,0.0000,0.0001,0.6140,0.0002,200,11.9835
0.4097,0.0000,0.0000,0.0001,0.4094,0.0001,200,12.5978
0.4094,0.0000,0.0000,0.0001,0.4091,0.0002,200,13.0076
0.4098,0.0000,0.0000,0.0001,0.4095,0.0001,200,13.4169
0.3087,0.0000,0.0000,0.0001,0.3085,0.0001,200,13.8268
0.3856,0.0000,0.0000,0.0001,0.3854,0.0001,200,14.1355
0.4693,0.0000,0.0000,0.0001,0.4691,0.0001,200,14.5211
0.3967,0.0000,0.0000,0.0001,0.3964,0.0001,200,14.9905
0.5900,0.0000,0.0000,0.0001,0.5897,0.0001,200,15.3872
0.8194,0.0000,0.0000,0.0001,0.8191,0.0001,200,15.9772
0.5242,0.0000,0.0000,0.0001,0.5238,0.0003,200,16.7965
0.5003,0.0000,0.0000,0.0001,0.5001,0.0001,200,17.3207
0.4091,0.0000,0.0000,0.0001,0.4088,0.0001,200,17.8211
0.4176,0.0000,0.0000,0.0001,0.4172,0.0001,200,18.2301
0.2794,0.0000,0.0000,0.0001,0.2791,0.0002,200,18.6477
0.5427,0.0000,0.0000,0.0001,0.5423,0.0002,200,18.9271
0.5009,0.0000,0.0000,0.0002,0.5005,0.0001,200,19.4698
0.3528,0.0000,0.0000,0.0001,0.3524,0.0002,200,19.9707
0.4666,0.0000,0.0000,0.0001,0.4662,0.0002,200,20.3235
0.4172,0.0000,0.0000,0.0001,0.4168,0.0002,200,20.7902
0.4609,0.0000,0.0000,0.0001,0.4606,0.0002,200,21.2073
0.7615,0.0000,0.0000,0.0001,0.7613,0.0001,200,21.6682
0.9202,0.0000,0.0000,0.0001,0.9199,0.0002,200,22.4298
0.4119,0.0000,0.0000,0.0002,0.4115,0.0001,200,23.3499
0.4075,0.0000,0.0000,0.0001,0.4073,0.0001,200,23.7618
0.4092,0.0000,0.0000,0.0001,0.4090,0.0001,200,24.1693
0.4101,0.0000,0.0000,0.0000,0.4098,0.0001,200,24.5785
0.3322,0.0000,0.0000,0.0001,0.3319,0.0001,200,24.9886
0.5546,0.0000,0.0000,0.0001,0.5544,0.0001,200,25.3207
0.2436,0.0000,0.0000,0.0000,0.2433,0.0001,200,25.8754
0.5078,0.0000,0.0000,0.0001,0.5075,0.0001,200,26.1189
0.0944,0.0000,0.0000,0.0001,0.0942,0.0001,200,26.6267
0.5202,0.0000,0.0000,0.0001,0.5199,0.0001,200,26.7211
0.5150,0.0000,0.0000,0.0001,0.5146,0.0002,200,27.2413
0.4084,0.0000,0.0000,0.0001,0.4081,0.0002,200,27.7563
0.6125,0.0000,0.0000,0.0001,0.6122,0.0001,200,28.1647
0.6146,0.0000,0.0000,0.0001,0.6144,0.0001,200,28.7772
0.6140,0.0000,0.0000,0.0001,0.6137,0.0001,200,29.3919
0.4101,0.0000,0.0000,0.0001,0.4099,0.0001,200,30.0059
0.4095,0.0000,0.0000,0.0001,0.4091,0.0001,200,30.4160
0.3072,0.0000,0.0000,0.0001,0.3069,0.0001,200,30.8255
0.3878,0.0000,0.0000,0.0001,0.3875,0.0001,200,31.1327
0.6353,0.0000,0.0000,0.0001,0.6350,0.0001,200,31.5205
0.4129,0.0000,0.0000,0.0001,0.4126,0.0001,200,32.1558
0.6119,0.0000,0.0000,0.0001,0.6115,0.0002,200,32.5687
0.4095,0.0000,0.0000,0.0001,0.4093,0.0001,200,33.1805
0.4098,0.0000,0.0000,0.0001,0.4095,0.0001,200,33.5901
0.5222,0.0000,0.0000,0.0001,0.5219,0.0001,200,33.9998
0.7065,0.0000,0.0000,0.0001,0.7062,0.0001,200,34.5220
0.5124,0.0000,0.0000,0.0001,0.5121,0.0002,200,35.2285
0.4092,0.0000,0.0000,0.0001,0.4089,0.0002,200,35.7409
0.4233,0.0000,0.0000,0.0001,0.4230,0.0001,200,36.1501
0.6154,0.0000,0.0000,0.0001,0.6152,0.0002,200,36.5733
0.3316,0.0000,0.0000,0.0001,0.3313,0.0001,200,37.1888
0.4732,0.0000,0.0000,0.0001,0.4729,0.0001,200,37.5204
0.6139,0.0000,0.0000,0.0001,0.6136,0.0001,200,37.9936
0.4105,0.0000,0.0000,0.0001,0.4102,0.0002,200,38.6075
0.6138,0.0000,0.0000,0.0001,0.6135,0.0001,200,39.0180
0.3072,0.0000,0.0000,0.0001,0.3069,0.0001,200,39.6318
0.4099,0.0000,0.0000,0.0001,0.4095,0.0002,200,39.9390
0.6141,0.0000,0.0000,0.0001,0.6138,0.0001,200,40.3489
0.6147,0.0000,0.0000,0.0001,0.6144,0.0001,200,40.9630
0.6148,0.0000,0.0000,0.0001,0.6144,0.0003,200,41.5777
0.4109,0.0000,0.0000,0.0001,0.4105,0.0001,200,42.1925
