response-time,DNS+dialup,DNS,Request-write,Response-delay,Response-read,status-code,offset
0.1124,0.0525,0.0150,0.0002,0.0592,0.0004,200,0.0007
0.0729,0.0000,0.0000,0.0001,0.0725,0.0002,200,0.1131
0.0860,0.0000,0.0000,0.0001,0.0857,0.0002,200,0.1860
0.0890,0.0000,0.0000,0.0001,0.0888,0.0001,200,0.2721
0.0777,0.0000,0.0000,0.0001,0.0775,0.0001,200,0.3611
0.0817,0.0000,0.0000,0.0001,0.0814,0.0001,200,0.4388
0.0556,0.0000,0.0000,0.0001,0.0553,0.0002,200,0.5206
0.0534,0.0000,0.0000,0.0001,0.0532,0.0001,200,0.5761
0.0556,0.0000,0.0000,0.0000,0.0554,0.0001,200,0.6296
0.0535,0.0000,0.0000,0.0001,0.0532,0.0002,200,0.6851
0.0570,0.0000,0.0000,0.0001,0.0567,0.0001,200,0.7387
0.0591,0.0000,0.0000,0.0002,0.0587,0.0002,200,0.7957
0.0554,0.0000,0.0000,0.0001,0.0551,0.0001,200,0.8548
0.1933,0.0000,0.0000,0.0001,0.1930,0.0002,200,0.9102
0.0582,0.0000,0.0000,0.0001,0.0580,0.0001,200,1.1035
0.0544,0.0000,0.0000,0.0001,0.0541,0.0001,200,1.1617
0.0556,0.0000,0.0000,0.0001,0.0552,0.0002,200,1.2161
0.0533,0.0000,0.0000,0.0001,0.0530,0.0002,200,1.2717
0.0544,0.0000,0.0000,0.0001,0.0541,0.0001,200,1.3250
0.0558,0.0000,0.0000,0.0001,0.0555,0.0002,200,1.3794
0.0546,0.0000,0.0000,0.0001,0.0544,0.0001,200,1.4352
0.0563,0.0000,0.0000,0.0001,0.0560,0.0001,200,1.4899
0.0601,0.0000,0.0000,0.0001,0.0598,0.0002,200,1.5462
0.0535,0.0000,0.0000,0.0001,0.0532,0.0001,200,1.6063
0.1259,0.0000,0.0000,0.0001,0.1257,0.0001,200,1.6598
0.0940,0.0000,0.0000,0.0001,0.0938,0.0001,200,1.7858
0.0525,0.0000,0.0000,0.0001,0.0522,0.0002,200,1.8798
0.1038,0.0000,0.0000,0.0001,0.1035,0.0002,200,1.9322
0.0542,0.0000,0.0000,0.0001,0.0538,0.0001,200,2.0360
0.0542,0.0000,0.0000,0.0001,0.0539,0.0001,200,2.0902
0.0571,0.0000,0.0000,0.0001,0.0568,0.0002,200,2.1445
0.0550,0.0000,0.0000,0.0001,0.0547,0.0002,200,2.2015
0.0566,0.0000,0.0000,0.0002,0.0563,0.0001,200,2.2566
0.0549,0.0000,0.0000,0.0001,0.0546,0.0001,200,2.3132
0.0533,0.0000,0.0000,0.0001,0.0530,0.0002,200,2.3681
0.0578,0.0000,0.0000,0.0001,0.0575,0.0001,200,2.4214
0.0536,0.0000,0.0000,0.0001,0.0533,0.0002,200,2.4792
0.0572,0.0000,0.0000,0.0001,0.0569,0.0001,200,2.5328
0.0541,0.0000,0.0000,0.0001,0.0538,0.0001,200,2.5900
0.0544,0.0000,0.0000,0.0001,0.0542,0.0001,200,2.6441
0.0544,0.0000,0.0000,0.0001,0.0540,0.0002,200,2.6985
0.0611,0.0000,0.0000,0.0001,0.0606,0.0002,200,2.7530
0.0537,0.0000,0.0000,0.0001,0.0534,0.0001,200,2.8141
0.0611,0.0000,0.0000,0.0001,0.0608,0.0002,200,2.8678
0.0683,0.0000,0.0000,0.0001,0.0680,0.0001,200,2.9289
0.0928,0.0000,0.0000,0.0001,0.0925,0.0001,200,2.9972
0.0610,0.0000,0.0000,0.0001,0.0607,0.0001,200,3.0900
0.0601,0.0000,0.0000,0.0001,0.0597,0.0002,200,3.1510
0.0534,0.0000,0.0000,0.0001,0.0530,0.0001,200,3.2111
0.0532,0.0000,0.0000,0.0001,0.0530,0.0002,200,3.2645
0.0522,0.0000,0.0000,0.0001,0.0519,0.0001,200,3.3178
0.0547,0.0000,0.0000,0.0001,0.0544,0.0001,200,3.3700
0.0541,0.0000,0.0000,0.0001,0.0540,0.0001,200,3.4247
0.0524,0.0000,0.0000,0.0000,0.0523,0.0001,200,3.4788
0.0522,0.0000,0.0000,0.0000,0.0520,0.0002,200,3.5312
0.0537,0.0000,0.0000,0.0001,0.0534,0.0001,200,3.5834
0.0541,0.0000,0.0000,0.0001,0.0538,0.0001,200,3.6371
0.0521,0.0000,0.0000,0.0001,0.0519,0.0001,200,3.6912
0.0642,0.0000,0.0000,0.0001,0.0639,0.0002,200,3.7433
0.0542,0.0000,0.0000,0.0001,0.0539,0.0001,200,3.8076
0.0536,0.0000,0.0000,0.0001,0.0532,0.0001,200,3.8618
0.0599,0.0000,0.0000,0.0001,0.0596,0.0001,200,3.9154
0.0539,0.0000,0.0000,0.0001,0.0536,0.0002,200,3.9753
0.0529,0.0000,0.0000,0.0001,0.0526,0.0001,200,4.0292
0.0552,0.0000,0.0000,0.0001,0.0549,0.0002,200,4.0820
0.0529,0.0000,0.0000,0.0001,0.0526,0.0001,200,4.1373
0.0567,0.0000,0.0000,0.0001,0.0564,0.0001,200,4.1902
0.0531,0.0000,0.0000,0.0001,0.0528,0.0001,200,4.2470
0.0525,0.0000,0.0000,0.0001,0.0522,0.0001,200,4.3001
0.0526,0.0000,0.0000,0.0001,0.0523,0.0001,200,4.3526
0.0612,0.0000,0.0000,0.0001,0.0609,0.0002,200,4.4052
0.0549,0.0000,0.0000,0.0001,0.0546,0.0002,200,4.4665
0.0548,0.0000,0.0000,0.0001,0.0545,0.0001,200,4.5214
0.0531,0.0000,0.0000,0.0001,0.0528,0.0001,200,4.5762
0.0536,0.0000,0.0000,0.0001,0.0533,0.0001,200,4.6293
0.0555,0.0000,0.0000,0.0001,0.0552,0.0001,200,4.6829
0.0522,0.0000,0.0000,0.0001,0.0519,0.0001,200,4.7384
0.0544,0.0000,0.0000,0.0001,0.0541,0.0001,200,4.7906
0.0608,0.0000,0.0000,0.0001,0.0605,0.0002,200,4.8451
0.0793,0.0000,0.0000,0.0001,0.0790,0.0001,200,4.9059
0.1118,0.0000,0.0000,0.0001,0.1116,0.0001,200,4.9852
0.0552,0.0000,0.0000,0.0001,0.0550,0.0001,200,5.0970
0.0537,0.0000,0.0000,0.0001,0.0534,0.0002,200,5.1522
0.0594,0.0000,0.0000,0.0001,0.0590,0.0002,200,5.2059
0.0543,0.0000,0.0000,0.0001,0.0539,0.0002,200,5.2653
0.0562,0.0000,0.0000,0.0001,0.0558,0.0002,200,5.3195
0.0534,0.0000,0.0000,0.0001,0.0531,0.0001,200,5.3757
0.0536,0.0000,0.0000,0.0001,0.0533,0.0002,200,5.4291
0.0540,0.0000,0.0000,0.0001,0.0537,0.0001,200,5.4827
0.0566,0.0000,0.0000,0.0001,0.0562,0.0002,200,5.5367
0.0569,0.0000,0.0000,0.0001,0.0566,0.0001,200,5.5933
0.0531,0.0000,0.0000,0.0001,0.0528,0.0001,200,5.6501
0.0549,0.0000,0.0000,0.0001,0.0546,0.0002,200,5.7033
0.0554,0.0000,0.0000,0.0001,0.0552,0.0001,200,5.7581
0.0545,0.0000,0.0000,0.0001,0.0541,0.0002,200,5.8136
0.0533,0.0000,0.0000,0.0001,0.0529,0.0002,200,5.8681
0.0533,0.0000,0.0000,0.0001,0.0530,0.0002,200,5.9214
0.0655,0.0000,0.0000,0.0001,0.0652,0.0002,200,5.9748
0.0535,0.0000,0.0000,0.0001,0.0533,0.0001,200,6.0403
0.0531,0.0000,0.0000,0.0002,0.0527,0.0002,200,6.0938
