response-time,DNS+dialup,DNS,Request-write,Response-delay,Response-read,status-code,offset
0.4950,0.0399,0.0000,0.0002,0.4543,0.0004,200,0.0005
0.3914,0.0000,0.0000,0.0001,0.3909,0.0002,200,0.4955
0.4097,0.0000,0.0000,0.0001,0.4093,0.0002,200,0.8869
0.4070,0.0000,0.0000,0.0001,0.4067,0.0001,200,1.2966
0.5121,0.0000,0.0000,0.0001,0.5118,0.0001,200,1.7036
0.4095,0.0000,0.0000,0.0001,0.4092,0.0002,200,2.2157
0.4101,0.0000,0.0000,0.0001,0.4097,0.0002,200,2.6252
0.4096,0.0000,0.0000,0.0001,0.4093,0.0002,200,3.0353
0.4097,0.0000,0.0000,0.0001,0.4094,0.0002,200,3.4449
0.5113,0.0000,0.0000,0.0001,0.5110,0.0002,200,3.8547
0.4097,0.0000,0.0000,0.0001,0.4094,0.0001,200,4.3660
0.4103,0.0000,0.0000,0.0000,0.4101,0.0001,200,4.7756
0.4089,0.0000,0.0000,0.0001,0.4086,0.0002,200,5.1860
0.5148,0.0000,0.0000,0.0001,0.5145,0.0002,200,5.5949
0.4068,0.0000,0.0000,0.0001,0.4066,0.0001,200,6.1097
0.3534,0.0000,0.0000,0.0001,0.3531,0.0001,200,6.5165
0.3306,0.0000,0.0000,0.0001,0.3303,0.0001,200,6.8699
0.3640,0.0000,0.0000,0.0001,0.3638,0.0002,200,7.2006
0.5063,0.0000,0.0000,0.0001,0.5061,0.0001,200,7.5646
0.3942,0.0000,0.0000,0.0001,0.3939,0.0002,200,8.0710
0.3873,0.0000,0.0000,0.0001,0.3870,0.0002,200,8.4652
0.4298,0.0000,0.0000,0.0001,0.4295,0.0001,200,8.8525
0.4097,0.0000,0.0000,0.0001,0.4093,0.0002,200,9.2823
0.5453,0.0000,0.0000,0.0001,0.5449,0.0002,200,9.6919
0.3753,0.0000,0.0000,0.0001,0.3749,0.0002,200,10.2372
0.4273,0.0000,0.0000,0.0001,0.4268,0.0002,200,10.6125
0.3921,0.0000,0.0000,0.0001,0.3917,0.0001,200,11.0398
0.4095,0.0000,0.0000,0.0001,0.4091,0.0001,200,11.4318
0.4096,0.0000,0.0000,0.0001,0.4093,0.0002,200,11.8413
0.4095,0.0000,0.0000,0.0001,0.4092,0.0001,200,12.2509
0.4099,0.0000,0.0000,0.0001,0.4095,0.0003,200,12.6604
0.4101,0.0000,0.0000,0.0001,0.4099,0.0001,200,13.0704
0.5135,0.0000,0.0000,0.0001,0.5132,0.0002,200,13.4805
0.4075,0.0000,0.0000,0.0001,0.4072,0.0001,200,13.9940
0.4102,0.0000,0.0000,0.0001,0.4098,0.0002,200,14.4014
0.4090,0.0000,0.0000,0.0001,0.4088,0.0001,200,14.8116
0.4094,0.0000,0.0000,0.0001,0.4091,0.0002,200,15.2206
0.5121,0.0000,0.0000,0.0001,0.5117,0.0002,200,15.6301
0.4095,0.0000,0.0000,0.0001,0.4092,0.0001,200,16.1422
0.4096,0.0000,0.0000,0.0001,0.4093,0.0001,200,16.5517
0.4096,0.0000,0.0000,0.0001,0.4093,0.0001,200,16.9613
0.3566,0.0000,0.0000,0.0001,0.3563,0.0001,200,17.3709
0.4626,0.0000,0.0000,0.0001,0.4623,0.0001,200,17.7275
0.4096,0.0000,0.0000,0.0001,0.4094,0.0001,200,18.1901
0.3372,0.0000,0.0000,0.0001,0.3369,0.0001,200,18.5998
0.4823,0.0000,0.0000,0.0001,0.4821,0.0001,200,18.9370
0.4096,0.0000,0.0000,0.0001,0.4093,0.0002,200,19.4193
0.4235,0.0000,0.0000,0.0001,0.4232,0.0001,200,19.8289
0.3521,0.0000,0.0000,0.0001,0.3517,0.0001,200,20.2524
0.3695,0.0000,0.0000,0.0000,0.3692,0.0002,200,20.6045
0.4105,0.0000,0.0000,0.0001,0.4101,0.0002,200,20.9740
0.4108,0.0000,0.0000,0.0001,0.4105,0.0002,200,21.3845
0.5885,0.0000,0.0000,0.0001,0.5881,0.0003,200,21.7953
0.4381,0.0000,0.0000,0.0001,0.4377,0.0002,200,22.3838
0.3861,0.0000,0.0000,0.0001,0.3857,0.0002,200,22.8219
0.4105,0.0000,0.0000,0.0001,0.4102,0.0002,200,23.2080
0.5131,0.0000,0.0000,0.0001,0.5127,0.0002,200,23.6185
0.4087,0.0000,0.0000,0.0001,0.4083,0.0002,200,24.1316
0.3938,0.0000,0.0000,0.0001,0.3936,0.0001,200,24.5403
0.4261,0.0000,0.0000,0.0001,0.4258,0.0001,200,24.9341
0.4098,0.0000,0.0000,0.0001,0.4095,0.0002,200,25.3602
0.5097,0.0000,0.0000,0.0001,0.5094,0.0002,200,25.7700
0.4120,0.0000,0.0000,0.0001,0.4118,0.0001,200,26.2797
0.3252,0.0000,0.0000,0.0001,0.3249,0.0001,200,26.6918
0.3894,0.0000,0.0000,0.0001,0.3889,0.0003,200,27.0170
0.5120,0.0000,0.0000,0.0001,0.5116,0.0002,200,27.4064
0.5122,0.0000,0.0000,0.0001,0.5119,0.0002,200,27.9184
0.4096,0.0000,0.0000,0.0001,0.4094,0.0002,200,28.4306
0.4094,0.0000,0.0000,0.0001,0.4091,0.0001,200,28.8402
0.4104,0.0000,0.0000,0.0001,0.4101,0.0002,200,29.2496
0.5267,0.0000,0.0000,0.0001,0.5265,0.0001,200,29.6600
0.3973,0.0000,0.0000,0.0001,0.3970,0.0002,200,30.1867
0.4228,0.0000,0.0000,0.0001,0.4225,0.0002,200,30.5840
0.3936,0.0000,0.0000,0.0001,0.3933,0.0001,200,31.0068
0.5119,0.0000,0.0000,0.0001,0.5115,0.0002,200,31.4004
0.4095,0.0000,0.0000,0.0001,0.4092,0.0001,200,31.9123
0.4096,0.0000,0.0000,0.0001,0.4093,0.0002,200,32.3218
0.6245,0.0000,0.0000,0.0001,0.6242,0.0001,200,32.7314
0.3449,0.0000,0.0000,0.0001,0.3447,0.0001,200,33.3559
0.4645,0.0000,0.0000,0.0000,0.4641,0.0003,200,33.7009
0.4092,0.0000,0.0000,0.0001,0.4088,0.0002,200,34.1654
0.3379,0.0000,0.0000,0.0002,0.3375,0.0001,200,34.5746
0.3799,0.0000,0.0000,0.0001,0.3795,0.0002,200,34.9125
0.3167,0.0000,0.0000,0.0001,0.3164,0.0001,200,35.2924
0.5019,0.0000,0.0000,0.0001,0.5016,0.0001,200,35.6090
0.3395,0.0000,0.0000,0.0001,0.3393,0.0001,200,36.1109
0.3283,0.0000,0.0000,0.0001,0.3280,0.0002,200,36.4504
0.3560,0.0000,0.0000,0.0001,0.3557,0.0002,200,36.7788
0.4092,0.0000,0.0000,0.0001,0.4089,0.0002,200,37.1348
0.4319,0.0000,0.0000,0.0001,0.4316,0.0001,200,37.5439
0.3902,0.0000,0.0000,0.0000,0.3900,0.0002,200,37.9758
0.4077,0.0000,0.0000,0.0001,0.4073,0.0002,200,38.3661
0.4094,0.0000,0.0000,0.0001,0.4091,0.0002,200,38.7738
0.4094,0.0000,0.0000,0.0001,0.4092,0.0001,200,39.1832
0.4684,0.0000,0.0000,0.0000,0.4682,0.0002,200,39.5926
0.3508,0.0000,0.0000,0.0001,0.3505,0.0001,200,40.0610
0.3274,0.0000,0.0000,0.0001,0.3271,0.0002,200,40.4118
0.4751,0.0000,0.0000,0.0001,0.4747,0.0002,200,40.7392
0.4275,0.0000,0.0000,0.0001,0.4271,0.0002,200,41.2143
0.5103,0.0000,0.0000,0.0001,0.5100,0.0002,200,41.6418
