response-time,DNS+dialup,DNS,Request-write,Response-delay,Response-read,status-code,offset
0.0917,0.0399,0.0000,0.0002,0.0514,0.0002,200,0.0002
0.0543,0.0000,0.0000,0.0000,0.0541,0.0001,200,0.0920
0.0512,0.0000,0.0000,0.0000,0.0509,0.0001,200,0.1463
0.0536,0.0000,0.0000,0.0000,0.0535,0.0001,200,0.1975
0.0490,0.0000,0.0000,0.0000,0.0489,0.0001,200,0.2511
0.0486,0.0000,0.0000,0.0000,0.0485,0.0001,200,0.3001
0.0492,0.0000,0.0000,0.0000,0.0490,0.0001,200,0.3487
0.0480,0.0000,0.0000,0.0000,0.0478,0.0001,200,0.3979
0.0481,0.0000,0.0000,0.0000,0.0479,0.0001,200,0.4458
0.0526,0.0000,0.0000,0.0000,0.0525,0.0000,200,0.4939
0.0491,0.0000,0.0000,0.0000,0.0490,0.0001,200,0.5465
0.0520,0.0000,0.0000,0.0000,0.0519,0.0001,200,0.5956
0.0488,0.0000,0.0000,0.0000,0.0487,0.0001,200,0.6476
0.0476,0.0000,0.0000,0.0001,0.0475,0.0001,200,0.6964
0.0493,0.0000,0.0000,0.0000,0.0492,0.0001,200,0.7441
0.0466,0.0000,0.0000,0.0000,0.0465,0.0001,200,0.7934
0.0493,0.0000,0.0000,0.0000,0.0491,0.0001,200,0.8401
0.0492,0.0000,0.0000,0.0001,0.0490,0.0001,200,0.8894
0.0479,0.0000,0.0000,0.0000,0.0477,0.0001,200,0.9385
0.0466,0.0000,0.0000,0.0000,0.0464,0.0001,200,0.9864
0.0477,0.0000,0.0000,0.0000,0.0475,0.0001,200,1.0330
0.0497,0.0000,0.0000,0.0000,0.0496,0.0001,200,1.0807
0.0511,0.0000,0.0000,0.0000,0.0509,0.0001,200,1.1305
0.0498,0.0000,0.0000,0.0000,0.0496,0.0001,200,1.1815
0.0468,0.0000,0.0000,0.0000,0.0466,0.0001,200,1.2313
0.0498,0.0000,0.0000,0.0000,0.0496,0.0001,200,1.2781
0.0477,0.0000,0.0000,0.0000,0.0476,0.0001,200,1.3279
0.0545,0.0000,0.0000,0.0000,0.0544,0.0001,200,1.3756
0.1025,0.0000,0.0000,0.0001,0.1024,0.0001,200,1.4301
0.0467,0.0000,0.0000,0.0000,0.0465,0.0001,200,1.5327
0.0493,0.0000,0.0000,0.0000,0.0491,0.0001,200,1.5794
0.0498,0.0000,0.0000,0.0000,0.0497,0.0001,200,1.6286
0.0490,0.0000,0.0000,0.0000,0.0488,0.0001,200,1.6785
0.0480,0.0000,0.0000,0.0000,0.0479,0.0001,200,1.7275
0.0484,0.0000,0.0000,0.0001,0.0481,0.0002,200,1.7755
0.0491,0.0000,0.0000,0.0001,0.0488,0.0002,200,1.8240
0.0507,0.0000,0.0000,0.0001,0.0504,0.0001,200,1.8731
0.0504,0.0000,0.0000,0.0000,0.0501,0.0002,200,1.9237
0.0490,0.0000,0.0000,0.0001,0.0486,0.0002,200,1.9741
0.0518,0.0000,0.0000,0.0001,0.0514,0.0002,200,2.0231
0.0521,0.0000,0.0000,0.0001,0.0518,0.0001,200,2.0749
0.0578,0.0000,0.0000,0.0001,0.0576,0.0001,200,2.1270
0.0508,0.0000,0.0000,0.0001,0.0505,0.0001,200,2.1848
0.0500,0.0000,0.0000,0.0001,0.0497,0.0001,200,2.2356
0.0501,0.0000,0.0000,0.0001,0.0498,0.0002,200,2.2856
0.0477,0.0000,0.0000,0.0001,0.0474,0.0002,200,2.3358
0.0537,0.0000,0.0000,0.0001,0.0534,0.0001,200,2.3835
0.2226,0.0000,0.0000,0.0001,0.2223,0.0001,200,2.4371
0.0505,0.0000,0.0000,0.0000,0.0502,0.0001,200,2.6598
0.0513,0.0000,0.0000,0.0000,0.0511,0.0001,200,2.7102
0.0478,0.0000,0.0000,0.0001,0.0475,0.0001,200,2.7616
0.0475,0.0000,0.0000,0.0000,0.0472,0.0001,200,2.8093
0.0488,0.0000,0.0000,0.0000,0.0486,0.0001,200,2.8568
0.0512,0.0000,0.0000,0.0001,0.0509,0.0001,200,2.9056
0.0499,0.0000,0.0000,0.0001,0.0496,0.0001,200,2.9569
0.0477,0.0000,0.0000,0.0001,0.0475,0.0001,200,3.0068
0.0487,0.0000,0.0000,0.0000,0.0485,0.0001,200,3.0545
0.0500,0.0000,0.0000,0.0000,0.0497,0.0002,200,3.1033
0.0486,0.0000,0.0000,0.0001,0.0483,0.0001,200,3.1533
0.0484,0.0000,0.0000,0.0001,0.0482,0.0001,200,3.2019
0.0497,0.0000,0.0000,0.0001,0.0494,0.0002,200,3.2503
0.0495,0.0000,0.0000,0.0001,0.0493,0.0001,200,3.3001
0.0504,0.0000,0.0000,0.0001,0.0502,0.0001,200,3.3496
0.0481,0.0000,0.0000,0.0000,0.0478,0.0001,200,3.4000
0.0478,0.0000,0.0000,0.0000,0.0476,0.0001,200,3.4481
0.0560,0.0000,0.0000,0.0000,0.0558,0.0001,200,3.4959
0.0538,0.0000,0.0000,0.0000,0.0536,0.0001,200,3.5520
0.0482,0.0000,0.0000,0.0001,0.0480,0.0001,200,3.6058
0.0494,0.0000,0.0000,0.0000,0.0492,0.0001,200,3.6540
0.0469,0.0000,0.0000,0.0000,0.0467,0.0001,200,3.7033
0.0486,0.0000,0.0000,0.0000,0.0484,0.0001,200,3.7502
0.0474,0.0000,0.0000,0.0001,0.0472,0.0001,200,3.7988
0.0565,0.0000,0.0000,0.0001,0.0563,0.0001,200,3.8462
0.0495,0.0000,0.0000,0.0001,0.0493,0.0001,200,3.9027
0.0480,0.0000,0.0000,0.0001,0.0477,0.0001,200,3.9523
0.0485,0.0000,0.0000,0.0000,0.0483,0.0001,200,4.0003
0.0512,0.0000,0.0000,0.0000,0.0510,0.0001,200,4.0488
0.0603,0.0000,0.0000,0.0000,0.0601,0.0001,200,4.1001
0.0498,0.0000,0.0000,0.0001,0.0495,0.0001,200,4.1604
0.0497,0.0000,0.0000,0.0001,0.0495,0.0001,200,4.2102
0.0502,0.0000,0.0000,0.0000,0.0501,0.0001,200,4.2599
0.0476,0.0000,0.0000,0.0000,0.0475,0.0001,200,4.3101
0.0515,0.0000,0.0000,0.0000,0.0513,0.0001,200,4.3578
0.0506,0.0000,0.0000,0.0000,0.0503,0.0001,200,4.4093
0.0487,0.0000,0.0000,0.0001,0.0485,0.0001,200,4.4599
0.0475,0.0000,0.0000,0.0001,0.0473,0.0001,200,4.5086
0.0501,0.0000,0.0000,0.0000,0.0499,0.0001,200,4.5561
0.0491,0.0000,0.0000,0.0000,0.0490,0.0001,200,4.6062
0.0540,0.0000,0.0000,0.0000,0.0538,0.0001,200,4.6553
0.0474,0.0000,0.0000,0.0000,0.0472,0.0001,200,4.7093
0.0482,0.0000,0.0000,0.0000,0.0480,0.0001,200,4.7567
0.0500,0.0000,0.0000,0.0000,0.0497,0.0001,200,4.8049
0.0487,0.0000,0.0000,0.0000,0.0484,0.0002,200,4.8549
0.0541,0.0000,0.0000,0.0000,0.0538,0.0001,200,4.9035
0.0575,0.0000,0.0000,0.0000,0.0572,0.0001,200,4.9576
0.0499,0.0000,0.0000,0.0001,0.0496,0.0001,200,5.0151
0.0476,0.0000,0.0000,0.0000,0.0473,0.0001,200,5.0649
0.0613,0.0000,0.0000,0.0001,0.0610,0.0001,200,5.1125
0.0498,0.0000,0.0000,0.0001,0.0495,0.0001,200,5.1738
0.0486,0.0000,0.0000,0.0000,0.0483,0.0001,200,5.2236
