response-time,DNS+dialup,DNS,Request-write,Response-delay,Response-read,status-code,offset
0.1213,0.0401,0.0000,0.0001,0.0808,0.0002,200,0.1020
0.1240,0.0396,0.0000,0.0003,0.0836,0.0001,200,0.1011
0.1331,0.0394,0.0000,0.0002,0.0932,0.0002,200,0.1017
0.1344,0.0406,0.0000,0.0001,0.0935,0.0001,200,0.1018
0.1384,0.0406,0.0000,0.0002,0.0973,0.0001,200,0.1012
0.1369,0.0448,0.0000,0.0001,0.0918,0.0001,200,0.1029
0.1373,0.0454,0.0000,0.0002,0.0916,0.0001,200,0.1026
0.1394,0.0424,0.0000,0.0002,0.0950,0.0017,200,0.1023
0.1545,0.0528,0.0000,0.0002,0.1014,0.0000,200,0.1029
0.1551,0.0425,0.0000,0.0001,0.1124,0.0000,200,0.1023
0.1565,0.0529,0.0000,0.0001,0.1034,0.0000,200,0.1030
0.1598,0.0423,0.0000,0.0003,0.1171,0.0000,200,0.1024
0.1643,0.0397,0.0000,0.0002,0.1243,0.0000,200,0.1021
0.1567,0.0458,0.0000,0.0002,0.1105,0.0001,200,0.1178
0.1856,0.0468,0.0000,0.0003,0.1382,0.0001,200,0.1012
0.1731,0.0397,0.0000,0.0001,0.1330,0.0001,200,0.1172
0.1738,0.0460,0.0000,0.0001,0.1275,0.0001,200,0.1182
0.1901,0.0398,0.0000,0.0001,0.1500,0.0001,200,0.1170
0.2053,0.0404,0.0000,0.0001,0.1646,0.0001,200,0.1020
0.2043,0.0523,0.0000,0.0002,0.1517,0.0001,200,0.1032
0.1907,0.0459,0.0000,0.0002,0.1444,0.0001,200,0.1181
0.2062,0.0603,0.0000,0.0002,0.1456,0.0001,200,0.1031
0.1920,0.0463,0.0000,0.0003,0.1451,0.0002,200,0.1174
0.2102,0.0405,0.0000,0.0001,0.1692,0.0001,200,0.1015
0.2131,0.0424,0.0000,0.0002,0.1704,0.0001,200,0.1024
0.2138,0.0603,0.0000,0.0002,0.1531,0.0001,200,0.1028
0.2182,0.0432,0.0000,0.0002,0.1746,0.0001,200,0.1014
0.2175,0.0457,0.0000,0.0003,0.1713,0.0001,200,0.1023
0.2095,0.0459,0.0000,0.0001,0.1633,0.0001,200,0.1183
0.2274,0.0448,0.0000,0.0006,0.1819,0.0001,200,0.1028
0.2303,0.0403,0.0000,0.0001,0.1897,0.0001,200,0.1020
0.2330,0.0448,0.0000,0.0001,0.1879,0.0001,200,0.1025
0.2355,0.0406,0.0000,0.0002,0.1946,0.0001,200,0.1016
0.1037,0.0000,0.0000,0.0001,0.1034,0.0001,200,0.2348
0.2410,0.0456,0.0000,0.0003,0.1949,0.0001,200,0.1024
0.2495,0.0453,0.0000,0.0001,0.2040,0.0001,200,0.1028
0.2500,0.0614,0.0000,0.0003,0.1882,0.0001,200,0.1023
0.2503,0.0426,0.0000,0.0003,0.2073,0.0001,200,0.1022
0.0819,0.0000,0.0000,0.0000,0.0817,0.0001,200,0.2745
0.2554,0.0408,0.0000,0.0001,0.2143,0.0002,200,0.1016
0.2614,0.0609,0.0000,0.0003,0.2000,0.0001,200,0.1030
0.2634,0.0452,0.0000,0.0005,0.2175,0.0002,200,0.1025
0.0620,0.0000,0.0000,0.0000,0.0618,0.0001,200,0.3072
0.0607,0.0000,0.0000,0.0001,0.0605,0.0001,200,0.3094
0.0825,0.0000,0.0000,0.0000,0.0823,0.0001,200,0.2920
0.2735,0.0453,0.0000,0.0004,0.2276,0.0002,200,0.1027
0.2612,0.0386,0.0000,0.0002,0.2222,0.0002,200,0.1170
0.0485,0.0000,0.0000,0.0000,0.0483,0.0001,200,0.3323
0.2789,0.0409,0.0000,0.0001,0.2378,0.0001,200,0.1019
0.0603,0.0000,0.0000,0.0000,0.0601,0.0001,200,0.3371
0.2943,0.0450,0.0000,0.0001,0.2491,0.0001,200,0.1031
0.0824,0.0000,0.0000,0.0000,0.0823,0.0001,200,0.3155
0.2968,0.0426,0.0000,0.0001,0.2539,0.0001,200,0.1021
0.2960,0.0451,0.0000,0.0002,0.2506,0.0001,200,0.1030
0.2967,0.0456,0.0000,0.0003,0.2505,0.0002,200,0.1023
0.2969,0.0424,0.0000,0.0002,0.2541,0.0002,200,0.1023
0.2999,0.0539,0.0000,0.0001,0.2457,0.0001,200,0.1032
0.3017,0.0450,0.0000,0.0003,0.2562,0.0002,200,0.1028
0.3049,0.0403,0.0000,0.0001,0.2644,0.0001,200,0.1016
0.1675,0.0000,0.0000,0.0005,0.1668,0.0001,200,0.2417
0.3107,0.0401,0.0000,0.0001,0.2703,0.0001,200,0.1017
0.3127,0.0525,0.0000,0.0002,0.2599,0.0001,200,0.1032
0.2986,0.0460,0.0000,0.0002,0.2523,0.0001,200,0.1174
0.3159,0.0447,0.0000,0.0001,0.2709,0.0002,200,0.1027
0.3039,0.0386,0.0000,0.0001,0.2648,0.0001,200,0.1170
0.2020,0.0000,0.0000,0.0000,0.2018,0.0001,200,0.2251
0.0527,0.0000,0.0000,0.0001,0.0524,0.0001,200,0.3744
0.3092,0.0455,0.0000,0.0003,0.2632,0.0001,200,0.1180
0.3312,0.0528,0.0000,0.0001,0.2781,0.0001,200,0.1029
0.1114,0.0000,0.0000,0.0000,0.1111,0.0002,200,0.3434
0.1894,0.0000,0.0000,0.0000,0.1893,0.0001,200,0.2664
0.1037,0.0000,0.0000,0.0001,0.1034,0.0001,200,0.3523
0.3536,0.0541,0.0000,0.0002,0.2991,0.0002,200,0.1030
0.2386,0.0000,0.0000,0.0000,0.2383,0.0001,200,0.2234
0.3501,0.0464,0.0000,0.0001,0.3034,0.0001,200,0.1184
0.3658,0.0447,0.0000,0.0006,0.3204,0.0002,200,0.1030
0.0881,0.0000,0.0000,0.0001,0.0877,0.0002,200,0.3808
0.2302,0.0000,0.0000,0.0000,0.2300,0.0001,200,0.2399
0.3539,0.0456,0.0000,0.0001,0.3080,0.0001,200,0.1181
0.3711,0.0450,0.0000,0.0001,0.3258,0.0001,200,0.1024
0.2238,0.0000,0.0000,0.0000,0.2237,0.0001,200,0.2574
0.1753,0.0000,0.0000,0.0000,0.1751,0.0001,200,0.3093
0.2020,0.0000,0.0000,0.0000,0.2019,0.0001,200,0.2868
0.0896,0.0000,0.0000,0.0001,0.0893,0.0001,200,0.3992
0.3921,0.0426,0.0000,0.0002,0.3493,0.0001,200,0.1023
0.3921,0.0451,0.0000,0.0001,0.3466,0.0001,200,0.1024
0.0786,0.0000,0.0000,0.0001,0.0784,0.0001,200,0.4160
0.3989,0.0447,0.0000,0.0001,0.3540,0.0001,200,0.1027
0.2395,0.0000,0.0000,0.0000,0.2393,0.0001,200,0.2622
0.1050,0.0000,0.0000,0.0000,0.1048,0.0001,200,0.4012
0.0982,0.0000,0.0000,0.0001,0.0980,0.0001,200,0.4092
0.1061,0.0000,0.0000,0.0001,0.1059,0.0001,200,0.4014
0.3913,0.0457,0.0000,0.0001,0.3454,0.0001,200,0.1177
0.1102,0.0000,0.0000,0.0001,0.1100,0.0001,200,0.3990
0.4073,0.0449,0.0000,0.0002,0.3621,0.0001,200,0.1030
0.0955,0.0000,0.0000,0.0001,0.0953,0.0001,200,0.4158
0.2070,0.0000,0.0000,0.0000,0.2068,0.0001,200,0.3075
0.4130,0.0457,0.0000,0.0002,0.3670,0.0000,200,0.1183
0.4134,0.0458,0.0000,0.0003,0.3672,0.0000,200,0.1181
0.2238,0.0000,0.0000,0.0000,0.2236,0.0000,200,0.3117
0.1257,0.0000,0.0000,0.0001,0.1255,0.0001,200,0.4271
0.4514,0.0619,0.0000,0.0002,0.3892,0.0001,200,0.1015
0.4511,0.0455,0.0000,0.0001,0.4053,0.0001,200,0.1023
0.4372,0.0459,0.0000,0.0002,0.3910,0.0001,200,0.1182
0.1030,0.0000,0.0000,0.0000,0.1028,0.0001,200,0.4566
0.0976,0.0000,0.0000,0.0001,0.0974,0.0001,200,0.4620
0.0894,0.0000,0.0000,0.0000,0.0893,0.0001,200,0.4702
0.4581,0.0628,0.0000,0.0002,0.3950,0.0001,200,0.1015
0.0909,0.0000,0.0000,0.0001,0.0906,0.0002,200,0.4689
0.0877,0.0000,0.0000,0.0000,0.0875,0.0001,200,0.4721
0.0729,0.0000,0.0000,0.0000,0.0726,0.0001,200,0.4888
0.4457,0.0456,0.0000,0.0001,0.3998,0.0001,200,0.1177
0.0691,0.0000,0.0000,0.0001,0.0688,0.0001,200,0.4945
0.4635,0.0608,0.0000,0.0002,0.4024,0.0001,200,0.1030
0.4647,0.0400,0.0000,0.0002,0.4244,0.0002,200,0.1019
0.4641,0.0451,0.0000,0.0002,0.4186,0.0001,200,0.1026
0.3395,0.0000,0.0000,0.0001,0.3392,0.0001,200,0.2398
0.4761,0.0538,0.0000,0.0001,0.4219,0.0001,200,0.1032
0.0992,0.0000,0.0000,0.0001,0.0990,0.0001,200,0.4888
0.5007,0.0609,0.0000,0.0003,0.4393,0.0002,200,0.1029
0.3488,0.0000,0.0000,0.0000,0.3487,0.0001,200,0.2595
0.0938,0.0000,0.0000,0.0000,0.0937,0.0001,200,0.5146
0.0981,0.0000,0.0000,0.0000,0.0980,0.0001,200,0.5103
0.0867,0.0000,0.0000,0.0000,0.0865,0.0001,200,0.5315
0.1217,0.0000,0.0000,0.0000,0.1215,0.0001,200,0.5017
0.1141,0.0000,0.0000,0.0000,0.1139,0.0001,200,0.5093
0.3872,0.0000,0.0000,0.0001,0.3870,0.0001,200,0.2362
0.0671,0.0000,0.0000,0.0000,0.0670,0.0001,200,0.5598
0.1300,0.0000,0.0000,0.0001,0.1298,0.0001,200,0.5016
0.1301,0.0000,0.0000,0.0000,0.1299,0.0001,200,0.5016
0.0797,0.0000,0.0000,0.0000,0.0796,0.0000,200,0.5534
0.0866,0.0000,0.0000,0.0000,0.0865,0.0001,200,0.5528
0.0553,0.0000,0.0000,0.0001,0.0551,0.0001,200,0.5880
0.0799,0.0000,0.0000,0.0000,0.0798,0.0000,200,0.5635
0.5446,0.0448,0.0000,0.0001,0.4996,0.0000,200,0.1030
0.0460,0.0000,0.0000,0.0001,0.0458,0.0001,200,0.6084
0.0485,0.0000,0.0000,0.0000,0.0483,0.0001,200,0.6083
0.0439,0.0000,0.0000,0.0001,0.0437,0.0001,200,0.6181
0.5628,0.0529,0.0000,0.0001,0.5097,0.0001,200,0.1029
0.5728,0.0406,0.0000,0.0002,0.5320,0.0001,200,0.1017
0.4350,0.0000,0.0000,0.0001,0.4348,0.0000,200,0.2396
0.0527,0.0000,0.0000,0.0001,0.0525,0.0001,200,0.6317
0.5866,0.0449,0.0000,0.0002,0.5415,0.0001,200,0.1028
0.3780,0.0000,0.0000,0.0000,0.3779,0.0001,200,0.3166
0.6039,0.0452,0.0000,0.0001,0.5584,0.0001,200,0.1023
0.6040,0.0429,0.0000,0.0001,0.5609,0.0001,200,0.1021
0.0498,0.0000,0.0000,0.0000,0.0495,0.0001,200,0.6657
0.4135,0.0000,0.0000,0.0001,0.4133,0.0001,200,0.3071
0.0461,0.0000,0.0000,0.0000,0.0460,0.0001,200,0.6745
0.2667,0.0000,0.0000,0.0000,0.2665,0.0001,200,0.4558
0.1504,0.0000,0.0000,0.0001,0.1502,0.0001,200,0.5793
0.6167,0.0457,0.0000,0.0001,0.5707,0.0001,200,0.1181
0.4462,0.0000,0.0000,0.0000,0.4460,0.0001,200,0.2903
0.0471,0.0000,0.0000,0.0000,0.0470,0.0001,200,0.6894
0.3430,0.0000,0.0000,0.0001,0.3428,0.0001,200,0.3990
0.0493,0.0000,0.0000,0.0000,0.0491,0.0001,200,0.7013
0.0492,0.0000,0.0000,0.0000,0.0490,0.0001,200,0.7016
0.0477,0.0000,0.0000,0.0001,0.0475,0.0001,200,0.7062
0.6480,0.0462,0.0000,0.0001,0.6014,0.0001,200,0.1179
0.3388,0.0000,0.0000,0.0001,0.3385,0.0001,200,0.4271
0.6488,0.0398,0.0000,0.0001,0.6087,0.0001,200,0.1172
0.1452,0.0000,0.0000,0.0000,0.1450,0.0001,200,0.6234
0.2950,0.0000,0.0000,0.0000,0.2949,0.0001,200,0.4735
0.2099,0.0000,0.0000,0.0001,0.2096,0.0001,200,0.5596
0.4415,0.0000,0.0000,0.0000,0.4413,0.0001,200,0.3302
0.3747,0.0000,0.0000,0.0001,0.3744,0.0001,200,0.4016
0.3625,0.0000,0.0000,0.0001,0.3623,0.0001,200,0.4186
0.0465,0.0000,0.0000,0.0001,0.0463,0.0001,200,0.7348
0.6811,0.0454,0.0000,0.0002,0.6354,0.0001,200,0.1025
0.0472,0.0000,0.0000,0.0000,0.0471,0.0001,200,0.7365
0.4758,0.0000,0.0000,0.0000,0.4756,0.0002,200,0.3087
0.3835,0.0000,0.0000,0.0001,0.3832,0.0002,200,0.4066
0.0488,0.0000,0.0000,0.0000,0.0487,0.0001,200,0.7420
0.0557,0.0000,0.0000,0.0000,0.0555,0.0001,200,0.7365
0.2584,0.0000,0.0000,0.0000,0.2583,0.0001,200,0.5354
0.6915,0.0608,0.0000,0.0002,0.6303,0.0001,200,0.1030
0.6929,0.0527,0.0000,0.0001,0.6400,0.0001,200,0.1033
0.1263,0.0000,0.0000,0.0000,0.1261,0.0002,200,0.6745
0.2946,0.0000,0.0000,0.0000,0.2944,0.0002,200,0.5062
0.2955,0.0000,0.0000,0.0000,0.2953,0.0001,200,0.5075
0.4092,0.0000,0.0000,0.0001,0.4090,0.0001,200,0.3990
0.3137,0.0000,0.0000,0.0001,0.3135,0.0001,200,0.4945
0.4053,0.0000,0.0000,0.0001,0.4051,0.0001,200,0.4030
0.0501,0.0000,0.0000,0.0001,0.0499,0.0001,200,0.7659
0.4501,0.0000,0.0000,0.0000,0.4499,0.0001,200,0.3660
0.7169,0.0460,0.0000,0.0001,0.6707,0.0001,200,0.1024
0.4643,0.0000,0.0000,0.0001,0.4641,0.0001,200,0.3564
0.7236,0.0405,0.0000,0.0002,0.6827,0.0001,200,0.1013
0.0441,0.0000,0.0000,0.0001,0.0439,0.0001,200,0.7811
0.0618,0.0000,0.0000,0.0001,0.0616,0.0001,200,0.7659
0.2679,0.0000,0.0000,0.0000,0.2677,0.0001,200,0.5617
0.0454,0.0000,0.0000,0.0001,0.0451,0.0001,200,0.7845
0.0602,0.0000,0.0000,0.0000,0.0600,0.0001,200,0.7717
0.3298,0.0000,0.0000,0.0001,0.3296,0.0001,200,0.5074
0.7272,0.0457,0.0000,0.0001,0.6812,0.0001,200,0.1183
0.2873,0.0000,0.0000,0.0000,0.2870,0.0002,200,0.5665
0.0667,0.0000,0.0000,0.0001,0.0664,0.0002,200,0.7944
0.3801,0.0000,0.0000,0.0000,0.3800,0.0001,200,0.4812
0.4568,0.0000,0.0000,0.0000,0.4566,0.0001,200,0.4046
0.0612,0.0000,0.0000,0.0000,0.0610,0.0001,200,0.8008
0.1472,0.0000,0.0000,0.0001,0.1469,0.0001,200,0.7154
0.0628,0.0000,0.0000,0.0000,0.0626,0.0001,200,0.8015
0.1653,0.0000,0.0000,0.0001,0.1651,0.0001,200,0.7062
0.1550,0.0000,0.0000,0.0000,0.1548,0.0001,200,0.7225
0.2719,0.0000,0.0000,0.0000,0.2716,0.0001,200,0.6084
0.1792,0.0000,0.0000,0.0000,0.1791,0.0001,200,0.7016
0.3218,0.0000,0.0000,0.0000,0.3216,0.0001,200,0.5597
0.5672,0.0000,0.0000,0.0000,0.5669,0.0001,200,0.3198
0.0605,0.0000,0.0000,0.0001,0.0604,0.0001,200,0.8296
0.3384,0.0000,0.0000,0.0000,0.3382,0.0001,200,0.5529
0.4414,0.0000,0.0000,0.0001,0.4412,0.0001,200,0.4560
0.5231,0.0000,0.0000,0.0001,0.5229,0.0001,200,0.3762
0.2663,0.0000,0.0000,0.0000,0.2662,0.0001,200,0.6331
0.0860,0.0000,0.0000,0.0001,0.0858,0.0001,200,0.8160
0.7995,0.0605,0.0000,0.0003,0.7386,0.0001,200,0.1029
0.2633,0.0000,0.0000,0.0000,0.2632,0.0001,200,0.6434
0.5317,0.0000,0.0000,0.0001,0.5315,0.0001,200,0.3782
0.3481,0.0000,0.0000,0.0000,0.3480,0.0001,200,0.5634
0.8112,0.0426,0.0000,0.0002,0.7683,0.0001,200,0.1022
0.1213,0.0000,0.0000,0.0000,0.1211,0.0001,200,0.7938
0.1143,0.0000,0.0000,0.0000,0.1140,0.0001,200,0.8015
0.0969,0.0000,0.0000,0.0000,0.0967,0.0001,200,0.8194
0.2171,0.0000,0.0000,0.0000,0.2169,0.0001,200,0.7015
0.0907,0.0000,0.0000,0.0000,0.0906,0.0000,200,0.8299
0.4360,0.0000,0.0000,0.0001,0.4358,0.0001,200,0.4847
0.1286,0.0000,0.0000,0.0001,0.1284,0.0001,200,0.8008
0.5959,0.0000,0.0000,0.0000,0.5957,0.0001,200,0.3355
0.1022,0.0000,0.0000,0.0000,0.1020,0.0001,200,0.8319
0.0849,0.0000,0.0000,0.0001,0.0847,0.0001,200,0.8538
0.1551,0.0000,0.0000,0.0000,0.1550,0.0001,200,0.7836
0.1392,0.0000,0.0000,0.0001,0.1390,0.0001,200,0.8013
0.5885,0.0000,0.0000,0.0001,0.5884,0.0001,200,0.3523
0.5391,0.0000,0.0000,0.0001,0.5388,0.0002,200,0.4124
0.1508,0.0000,0.0000,0.0001,0.1506,0.0001,200,0.8014
0.1516,0.0000,0.0000,0.0000,0.1515,0.0001,200,0.8031
0.6185,0.0000,0.0000,0.0000,0.6183,0.0001,200,0.3385
0.1857,0.0000,0.0000,0.0000,0.1854,0.0002,200,0.7762
0.1024,0.0000,0.0000,0.0001,0.1022,0.0001,200,0.8613
0.5445,0.0000,0.0000,0.0001,0.5443,0.0001,200,0.4209
0.1081,0.0000,0.0000,0.0000,0.1079,0.0001,200,0.8626
0.0893,0.0000,0.0000,0.0000,0.0891,0.0001,200,0.8814
0.3255,0.0000,0.0000,0.0000,0.3253,0.0001,200,0.6475
0.6558,0.0000,0.0000,0.0000,0.6556,0.0001,200,0.3197
0.5429,0.0000,0.0000,0.0000,0.5427,0.0001,200,0.4341
0.6200,0.0000,0.0000,0.0001,0.6198,0.0001,200,0.3571
0.2115,0.0000,0.0000,0.0000,0.2114,0.0001,200,0.7695
0.6326,0.0000,0.0000,0.0001,0.6324,0.0001,200,0.3525
0.1050,0.0000,0.0000,0.0000,0.1048,0.0001,200,0.8803
0.1099,0.0000,0.0000,0.0001,0.1097,0.0001,200,0.8775
0.1159,0.0000,0.0000,0.0001,0.1157,0.0001,200,0.8715
0.4321,0.0000,0.0000,0.0000,0.4319,0.0001,200,0.5554
0.1671,0.0000,0.0000,0.0001,0.1669,0.0001,200,0.8208
0.5205,0.0000,0.0000,0.0001,0.5203,0.0001,200,0.4688
0.5246,0.0000,0.0000,0.0001,0.5244,0.0001,200,0.4686
0.3627,0.0000,0.0000,0.0000,0.3625,0.0001,200,0.6316
0.2269,0.0000,0.0000,0.0001,0.2266,0.0001,200,0.7685
0.4908,0.0000,0.0000,0.0000,0.4906,0.0001,200,0.5113
0.4453,0.0000,0.0000,0.0000,0.4451,0.0001,200,0.5596
0.4467,0.0000,0.0000,0.0000,0.4466,0.0000,200,0.5598
0.4398,0.0000,0.0000,0.0000,0.4397,0.0000,200,0.5667
0.1117,0.0000,0.0000,0.0000,0.1116,0.0001,200,0.8993
0.4799,0.0000,0.0000,0.0000,0.4798,0.0001,200,0.5314
0.1143,0.0000,0.0000,0.0000,0.1141,0.0001,200,0.9015
0.2164,0.0000,0.0000,0.0001,0.2162,0.0000,200,0.8011
0.1154,0.0000,0.0000,0.0000,0.1153,0.0001,200,0.9024
0.2166,0.0000,0.0000,0.0001,0.2163,0.0000,200,0.8013
0.1085,0.0000,0.0000,0.0000,0.1083,0.0001,200,0.9116
0.1052,0.0000,0.0000,0.0001,0.1050,0.0001,200,0.9151
0.1035,0.0000,0.0000,0.0000,0.1034,0.0000,200,0.9206
0.5392,0.0000,0.0000,0.0000,0.5390,0.0002,200,0.5596
0.1418,0.0000,0.0000,0.0000,0.1416,0.0002,200,0.9569
0.2180,0.0000,0.0000,0.0000,0.2178,0.0001,200,0.8808
0.4042,0.0000,0.0000,0.0000,0.4040,0.0001,200,0.6946
0.0925,0.0000,0.0000,0.0000,0.0924,0.0001,200,1.0065
0.5901,0.0000,0.0000,0.0000,0.5899,0.0001,200,0.5090
0.1285,0.0000,0.0000,0.0000,0.1282,0.0001,200,0.9707
0.0943,0.0000,0.0000,0.0000,0.0942,0.0001,200,1.0049
0.5327,0.0000,0.0000,0.0000,0.5324,0.0002,200,0.5666
0.4956,0.0000,0.0000,0.0001,0.4954,0.0001,200,0.6037
0.3092,0.0000,0.0000,0.0001,0.3089,0.0001,200,0.7901
0.1115,0.0000,0.0000,0.0000,0.1113,0.0001,200,0.9879
0.1788,0.0000,0.0000,0.0000,0.1786,0.0001,200,0.9207
0.1341,0.0000,0.0000,0.0000,0.1340,0.0001,200,0.9654
0.1241,0.0000,0.0000,0.0000,0.1239,0.0001,200,0.9755
0.1810,0.0000,0.0000,0.0000,0.1808,0.0001,200,0.9186
0.1703,0.0000,0.0000,0.0000,0.1702,0.0001,200,0.9294
0.1227,0.0000,0.0000,0.0000,0.1225,0.0001,200,0.9771
0.2024,0.0000,0.0000,0.0000,0.2022,0.0001,200,0.8975
0.2917,0.0000,0.0000,0.0000,0.2915,0.0001,200,0.8082
0.2086,0.0000,0.0000,0.0000,0.2084,0.0001,200,0.8912
0.0978,0.0000,0.0000,0.0000,0.0971,0.0007,200,1.0021
0.8426,0.0000,0.0000,0.0000,0.8414,0.0012,200,0.2573
0.1068,0.0000,0.0000,0.0000,0.1066,0.0001,200,0.9932
0.0825,0.0000,0.0000,0.0000,0.0824,0.0001,200,1.0175
0.1381,0.0000,0.0000,0.0001,0.1379,0.0001,200,0.9620
0.1888,0.0000,0.0000,0.0000,0.1879,0.0008,200,0.9134
0.1878,0.0000,0.0000,0.0000,0.1847,0.0030,200,0.9158
0.2416,0.0000,0.0000,0.0000,0.2379,0.0036,200,0.8620
0.1186,0.0000,0.0000,0.0001,0.1144,0.0041,200,0.9853
0.0861,0.0000,0.0000,0.0000,0.0821,0.0039,200,1.0178
0.4623,0.0000,0.0000,0.0000,0.4559,0.0064,200,0.6434
0.1183,0.0000,0.0000,0.0000,0.1165,0.0016,200,0.9875
0.3046,0.0000,0.0000,0.0000,0.2983,0.0062,200,0.8013
0.1994,0.0000,0.0000,0.0000,0.1972,0.0022,200,0.9067
0.1109,0.0000,0.0000,0.0000,0.1050,0.0057,200,0.9954
0.2813,0.0000,0.0000,0.0000,0.2788,0.0024,200,0.8249
0.1751,0.0000,0.0000,0.0000,0.1727,0.0023,200,0.9314
0.0966,0.0000,0.0000,0.0000,0.0964,0.0001,200,1.0110
1.0094,0.0402,0.0000,0.0001,0.9690,0.0001,200,0.1020
0.3927,0.0000,0.0000,0.0000,0.3925,0.0001,200,0.7206
0.2135,0.0000,0.0000,0.0000,0.2133,0.0001,200,0.9011
0.1793,0.0000,0.0000,0.0000,0.1792,0.0001,200,0.9409
0.2950,0.0000,0.0000,0.0000,0.2948,0.0001,200,0.8252
0.2592,0.0000,0.0000,0.0001,0.2589,0.0001,200,0.8612
0.2855,0.0000,0.0000,0.0001,0.2853,0.0001,200,0.8372
0.1902,0.0000,0.0000,0.0000,0.1900,0.0001,200,0.9341
0.3223,0.0000,0.0000,0.0000,0.3221,0.0001,200,0.8083
0.2694,0.0000,0.0000,0.0000,0.2692,0.0001,200,0.8613
0.3227,0.0000,0.0000,0.0000,0.3225,0.0001,200,0.8161
0.5739,0.0000,0.0000,0.0001,0.5737,0.0001,200,0.5793
0.2694,0.0000,0.0000,0.0000,0.2693,0.0001,200,0.8870
0.0577,0.0000,0.0000,0.0000,0.0575,0.0001,200,1.0996
0.0585,0.0000,0.0000,0.0001,0.0583,0.0001,200,1.0988
0.1383,0.0000,0.0000,0.0000,0.1381,0.0001,200,1.0242
0.2370,0.0000,0.0000,0.0000,0.2368,0.0001,200,0.9522
0.4595,0.0000,0.0000,0.0000,0.4593,0.0001,200,0.7297
0.4207,0.0000,0.0000,0.0000,0.4205,0.0001,200,0.7685
0.0857,0.0000,0.0000,0.0001,0.0854,0.0001,200,1.1059
0.0769,0.0000,0.0000,0.0001,0.0767,0.0001,200,1.1202
0.0986,0.0000,0.0000,0.0001,0.0981,0.0001,200,1.0993
0.0920,0.0000,0.0000,0.0002,0.0917,0.0001,200,1.1075
0.1102,0.0000,0.0000,0.0000,0.1101,0.0000,200,1.0999
0.2940,0.0000,0.0000,0.0000,0.2939,0.0001,200,0.9163
0.1128,0.0000,0.0000,0.0001,0.1125,0.0000,200,1.0993
0.0976,0.0000,0.0000,0.0000,0.0975,0.0000,200,1.1145
0.8522,0.0000,0.0000,0.0001,0.8520,0.0000,200,0.3644
0.1203,0.0000,0.0000,0.0000,0.1201,0.0000,200,1.0998
0.1217,0.0000,0.0000,0.0001,0.1153,0.0000,200,1.1001
0.1221,0.0000,0.0000,0.0001,0.1219,0.0000,200,1.0997
0.2703,0.0000,0.0000,0.0001,0.2701,0.0000,200,0.9515
0.2170,0.0000,0.0000,0.0000,0.2169,0.0000,200,1.0065
0.1202,0.0000,0.0000,0.0001,0.1177,0.0000,200,1.1036
0.1253,0.0000,0.0000,0.0001,0.1251,0.0000,200,1.0988
0.0715,0.0000,0.0000,0.0000,0.0713,0.0000,200,1.1564
0.1297,0.0000,0.0000,0.0001,0.1296,0.0000,200,1.0997
0.1281,0.0000,0.0000,0.0014,0.1264,0.0000,200,1.1037
0.1090,0.0000,0.0000,0.0001,0.1089,0.0000,200,1.1228
0.0694,0.0000,0.0000,0.0001,0.0692,0.0000,200,1.1624
0.1397,0.0000,0.0000,0.0001,0.1395,0.0000,200,1.0999
0.2850,0.0000,0.0000,0.0000,0.2849,0.0000,200,0.9547
0.1415,0.0000,0.0000,0.0001,0.1414,0.0000,200,1.0995
0.1346,0.0000,0.0000,0.0000,0.1344,0.0000,200,1.1065
0.1472,0.0000,0.0000,0.0001,0.1469,0.0000,200,1.0988
0.1423,0.0000,0.0000,0.0001,0.1421,0.0000,200,1.1039
0.1466,0.0000,0.0000,0.0000,0.1465,0.0000,200,1.0998
0.1444,0.0000,0.0000,0.0000,0.1440,0.0000,200,1.1062
0.0613,0.0000,0.0000,0.0000,0.0612,0.0000,200,1.1892
0.1529,0.0000,0.0000,0.0014,0.1513,0.0000,200,1.1022
1.1752,0.0416,0.0000,0.0001,1.1331,0.0001,200,0.1012
0.1723,0.0000,0.0000,0.0001,0.1699,0.0000,200,1.1041
0.1702,0.0000,0.0000,0.0001,0.1699,0.0001,200,1.1062
0.1458,0.0000,0.0000,0.0001,0.1456,0.0001,200,1.1306
0.2821,0.0000,0.0000,0.0000,0.2820,0.0000,200,0.9943
0.1521,0.0000,0.0000,0.0000,0.1520,0.0001,200,1.1243
0.0643,0.0000,0.0000,0.0000,0.0643,0.0000,200,1.2121
0.0606,0.0000,0.0000,0.0000,0.0605,0.0001,200,1.2218
0.1332,0.0000,0.0000,0.0001,0.1329,0.0001,200,1.1532
0.0646,0.0000,0.0000,0.0000,0.0644,0.0001,200,1.2241
0.0880,0.0000,0.0000,0.0000,0.0879,0.0001,200,1.2014
0.4667,0.0000,0.0000,0.0000,0.4666,0.0001,200,0.8277
0.0848,0.0000,0.0000,0.0000,0.0847,0.0001,200,1.2101
0.0730,0.0000,0.0000,0.0000,0.0728,0.0001,200,1.2235
0.1414,0.0000,0.0000,0.0001,0.1412,0.0001,200,1.1572
0.0673,0.0000,0.0000,0.0000,0.0672,0.0001,200,1.2318
0.0871,0.0000,0.0000,0.0000,0.0870,0.0001,200,1.2166
0.0760,0.0000,0.0000,0.0000,0.0760,0.0001,200,1.2318
0.3219,0.0000,0.0000,0.0000,0.3217,0.0001,200,0.9893
0.2124,0.0000,0.0000,0.0001,0.2121,0.0001,200,1.1062
0.0823,0.0000,0.0000,0.0000,0.0822,0.0001,200,1.2396
0.2209,0.0000,0.0000,0.0024,0.2183,0.0001,200,1.1039
0.0970,0.0000,0.0000,0.0000,0.0968,0.0001,200,1.2279
0.1235,0.0000,0.0000,0.0000,0.1234,0.0001,200,1.2014
0.2045,0.0000,0.0000,0.0001,0.2042,0.0001,200,1.1204
0.0812,0.0000,0.0000,0.0000,0.0811,0.0001,200,1.2462
0.0865,0.0000,0.0000,0.0000,0.0864,0.0001,200,1.2410
0.0770,0.0000,0.0000,0.0000,0.0769,0.0001,200,1.2505
0.1061,0.0000,0.0000,0.0000,0.1060,0.0001,200,1.2217
0.1163,0.0000,0.0000,0.0000,0.1162,0.0001,200,1.2121
0.2328,0.0000,0.0000,0.0000,0.2326,0.0001,200,1.0995
0.0586,0.0000,0.0000,0.0000,0.0584,0.0001,200,1.2764
0.1154,0.0000,0.0000,0.0000,0.1153,0.0001,200,1.2201
0.9414,0.0000,0.0000,0.0001,0.9411,0.0001,200,0.3973
0.3547,0.0000,0.0000,0.0000,0.3545,0.0001,200,0.9874
0.1042,0.0000,0.0000,0.0000,0.1041,0.0001,200,1.2397
0.2454,0.0000,0.0000,0.0012,0.2434,0.0001,200,1.1021
0.0764,0.0000,0.0000,0.0000,0.0762,0.0001,200,1.2764
0.0554,0.0000,0.0000,0.0001,0.0552,0.0002,200,1.3013
0.0575,0.0000,0.0000,0.0000,0.0573,0.0001,200,1.3016
0.0607,0.0000,0.0000,0.0000,0.0605,0.0001,200,1.3013
0.0650,0.0000,0.0000,0.0000,0.0648,0.0001,200,1.3011
0.1203,0.0000,0.0000,0.0000,0.1201,0.0001,200,1.2464
0.2539,0.0000,0.0000,0.0000,0.2537,0.0001,200,1.1133
0.0659,0.0000,0.0000,0.0000,0.0657,0.0001,200,1.3013
0.2620,0.0000,0.0000,0.0001,0.2618,0.0001,200,1.1057
0.0949,0.0000,0.0000,0.0000,0.0948,0.0001,200,1.2764
0.0812,0.0000,0.0000,0.0000,0.0810,0.0001,200,1.2986
0.1565,0.0000,0.0000,0.0000,0.1564,0.0001,200,1.2238
0.1156,0.0000,0.0000,0.0000,0.1154,0.0002,200,1.2764
0.2920,0.0000,0.0000,0.0000,0.2854,0.0001,200,1.1000
0.4213,0.0000,0.0000,0.0000,0.4211,0.0001,200,0.9707
0.0901,0.0000,0.0000,0.0000,0.0899,0.0001,200,1.3079
0.0732,0.0000,0.0000,0.0000,0.0729,0.0002,200,1.3248
0.0719,0.0000,0.0000,0.0000,0.0717,0.0001,200,1.3283
0.0734,0.0000,0.0000,0.0000,0.0732,0.0002,200,1.3274
0.0725,0.0000,0.0000,0.0000,0.0723,0.0002,200,1.3323
0.0665,0.0000,0.0000,0.0000,0.0663,0.0001,200,1.3387
0.0872,0.0000,0.0000,0.0000,0.0870,0.0001,200,1.3186
0.1026,0.0000,0.0000,0.0000,0.1024,0.0001,200,1.3037
0.0713,0.0000,0.0000,0.0000,0.0711,0.0001,200,1.3355
0.0852,0.0000,0.0000,0.0000,0.0851,0.0001,200,1.3218
0.0858,0.0000,0.0000,0.0000,0.0857,0.0000,200,1.3249
0.0858,0.0000,0.0000,0.0000,0.0857,0.0000,200,1.3249
0.0632,0.0000,0.0000,0.0000,0.0631,0.0001,200,1.3475
0.0841,0.0000,0.0000,0.0001,0.0840,0.0000,200,1.3275
0.0839,0.0000,0.0000,0.0000,0.0838,0.0000,200,1.3279
0.0788,0.0000,0.0000,0.0000,0.0787,0.0001,200,1.3439
0.1115,0.0000,0.0000,0.0000,0.1114,0.0000,200,1.3112
1.3200,0.0447,0.0000,0.0002,1.2751,0.0000,200,0.1031
0.5238,0.0000,0.0000,0.0000,0.5237,0.0000,200,0.8994
0.0848,0.0000,0.0000,0.0000,0.0846,0.0000,200,1.3420
0.0602,0.0000,0.0000,0.0001,0.0601,0.0000,200,1.3666
0.0592,0.0000,0.0000,0.0001,0.0590,0.0000,200,1.3677
0.0982,0.0000,0.0000,0.0000,0.0980,0.0002,200,1.3528
0.0797,0.0000,0.0000,0.0000,0.0795,0.0001,200,1.3713
0.1161,0.0000,0.0000,0.0000,0.1158,0.0002,200,1.3350
0.0592,0.0000,0.0000,0.0001,0.0590,0.0001,200,1.3920
1.0240,0.0000,0.0000,0.0001,1.0238,0.0001,200,0.4272
0.1501,0.0000,0.0000,0.0000,0.1498,0.0001,200,1.3012
0.0760,0.0000,0.0000,0.0000,0.0758,0.0001,200,1.3803
0.0558,0.0000,0.0000,0.0001,0.0555,0.0001,200,1.4012
0.0557,0.0000,0.0000,0.0000,0.0555,0.0001,200,1.4058
0.0602,0.0000,0.0000,0.0000,0.0601,0.0001,200,1.4014
0.0617,0.0000,0.0000,0.0001,0.0614,0.0001,200,1.4048
0.0653,0.0000,0.0000,0.0001,0.0651,0.0001,200,1.4011
0.0561,0.0000,0.0000,0.0000,0.0559,0.0001,200,1.4116
0.0663,0.0000,0.0000,0.0001,0.0661,0.0001,200,1.4015
0.0629,0.0000,0.0000,0.0001,0.0626,0.0001,200,1.4068
0.0684,0.0000,0.0000,0.0001,0.0681,0.0001,200,1.4014
0.4928,0.0000,0.0000,0.0000,0.4926,0.0002,200,0.9770
0.0618,0.0000,0.0000,0.0000,0.0616,0.0001,200,1.4107
0.0671,0.0000,0.0000,0.0000,0.0669,0.0001,200,1.4062
0.3718,0.0000,0.0000,0.0001,0.3716,0.0001,200,1.1202
0.0723,0.0000,0.0000,0.0000,0.0721,0.0001,200,1.4269
0.0862,0.0000,0.0000,0.0000,0.0860,0.0002,200,1.4268
0.0660,0.0000,0.0000,0.0001,0.0657,0.0001,200,1.4511
0.5297,0.0000,0.0000,0.0001,0.5295,0.0001,200,0.9874
0.4997,0.0000,0.0000,0.0000,0.4995,0.0001,200,1.0204
0.0938,0.0000,0.0000,0.0000,0.0936,0.0001,200,1.4269
0.0696,0.0000,0.0000,0.0001,0.0694,0.0001,200,1.4511
0.0646,0.0000,0.0000,0.0001,0.0644,0.0001,200,1.4563
0.0697,0.0000,0.0000,0.0001,0.0695,0.0001,200,1.4512
0.0699,0.0000,0.0000,0.0001,0.0697,0.0001,200,1.4513
0.0981,0.0000,0.0000,0.0000,0.0980,0.0001,200,1.4232
1.1212,0.0000,0.0000,0.0001,1.1209,0.0001,200,0.4012
0.0527,0.0000,0.0000,0.0001,0.0525,0.0001,200,1.4698
0.2687,0.0000,0.0000,0.0000,0.2685,0.0001,200,1.2551
0.1431,0.0000,0.0000,0.0001,0.1429,0.0001,200,1.3920
0.0473,0.0000,0.0000,0.0001,0.0471,0.0001,200,1.5013
0.0472,0.0000,0.0000,0.0001,0.0470,0.0001,200,1.5015
0.8345,0.0000,0.0000,0.0001,0.8343,0.0001,200,0.7207
0.0565,0.0000,0.0000,0.0000,0.0563,0.0001,200,1.5015
0.0630,0.0000,0.0000,0.0001,0.0628,0.0001,200,1.5015
0.0663,0.0000,0.0000,0.0001,0.0660,0.0001,200,1.5011
0.0568,0.0000,0.0000,0.0001,0.0565,0.0001,200,1.5171
0.0732,0.0000,0.0000,0.0000,0.0729,0.0001,200,1.5014
0.0546,0.0000,0.0000,0.0001,0.0543,0.0001,200,1.5207
0.0549,0.0000,0.0000,0.0000,0.0547,0.0001,200,1.5223
1.2530,0.0000,0.0000,0.0001,1.2528,0.0001,200,0.3278
0.0600,0.0000,0.0000,0.0000,0.0598,0.0001,200,1.5210
0.4823,0.0000,0.0000,0.0001,0.4821,0.0001,200,1.0992
0.0622,0.0000,0.0000,0.0000,0.0620,0.0001,200,1.5213
0.0702,0.0000,0.0000,0.0001,0.0700,0.0001,200,1.5209
0.0674,0.0000,0.0000,0.0000,0.0672,0.0001,200,1.5238
0.0711,0.0000,0.0000,0.0001,0.0709,0.0001,200,1.5201
0.0687,0.0000,0.0000,0.0001,0.0685,0.0001,200,1.5225
0.0751,0.0000,0.0000,0.0001,0.0748,0.0001,200,1.5171
0.6393,0.0000,0.0000,0.0000,0.6390,0.0002,200,0.9638
0.5043,0.0000,0.0000,0.0001,0.5041,0.0001,200,1.0988
0.2214,0.0000,0.0000,0.0001,0.2211,0.0001,200,1.4016
0.6073,0.0000,0.0000,0.0000,0.6070,0.0002,200,1.0158
0.0497,0.0000,0.0000,0.0001,0.0494,0.0001,200,1.5809
0.0578,0.0000,0.0000,0.0000,0.0576,0.0001,200,1.6014
0.6783,0.0000,0.0000,0.0000,0.6781,0.0001,200,0.9810
0.0604,0.0000,0.0000,0.0000,0.0602,0.0001,200,1.6032
0.0633,0.0000,0.0000,0.0001,0.0630,0.0001,200,1.6011
0.0652,0.0000,0.0000,0.0002,0.0649,0.0001,200,1.6012
0.0670,0.0000,0.0000,0.0001,0.0668,0.0001,200,1.6030
0.0701,0.0000,0.0000,0.0000,0.0698,0.0001,200,1.6015
0.4824,0.0000,0.0000,0.0000,0.4822,0.0001,200,1.1892
0.0700,0.0000,0.0000,0.0000,0.0698,0.0002,200,1.6016
0.0902,0.0000,0.0000,0.0000,0.0900,0.0001,200,1.5815
0.0737,0.0000,0.0000,0.0000,0.0735,0.0001,200,1.6015
0.0867,0.0000,0.0000,0.0001,0.0864,0.0002,200,1.6012
0.5893,0.0000,0.0000,0.0001,0.5891,0.0001,200,1.0993
0.0904,0.0000,0.0000,0.0000,0.0902,0.0001,200,1.6015
0.0939,0.0000,0.0000,0.0004,0.0933,0.0001,200,1.6013
0.0683,0.0000,0.0000,0.0000,0.0681,0.0001,200,1.6305
0.0987,0.0000,0.0000,0.0001,0.0984,0.0001,200,1.6011
0.8930,0.0000,0.0000,0.0000,0.8928,0.0001,200,0.8082
0.5685,0.0000,0.0000,0.0000,0.5683,0.0001,200,1.1388
0.6122,0.0000,0.0000,0.0001,0.6118,0.0001,200,1.0994
0.4835,0.0000,0.0000,0.0000,0.4834,0.0001,200,1.2295
0.0472,0.0000,0.0000,0.0001,0.0469,0.0001,200,1.6716
0.0474,0.0000,0.0000,0.0001,0.0472,0.0001,200,1.6716
0.6235,0.0000,0.0000,0.0001,0.6233,0.0001,200,1.1058
0.4565,0.0000,0.0000,0.0000,0.4563,0.0001,200,1.2764
0.8083,0.0000,0.0000,0.0000,0.8081,0.0001,200,0.9387
0.0509,0.0000,0.0000,0.0000,0.0507,0.0001,200,1.7015
0.0621,0.0000,0.0000,0.0000,0.0619,0.0001,200,1.7014
0.0672,0.0000,0.0000,0.0001,0.0669,0.0002,200,1.7012
0.0672,0.0000,0.0000,0.0001,0.0668,0.0001,200,1.7012
0.0671,0.0000,0.0000,0.0002,0.0667,0.0001,200,1.7014
0.0674,0.0000,0.0000,0.0001,0.0671,0.0001,200,1.7011
0.0497,0.0000,0.0000,0.0001,0.0494,0.0002,200,1.7188
0.0726,0.0000,0.0000,0.0001,0.0724,0.0001,200,1.7015
0.4502,0.0000,0.0000,0.0000,0.4501,0.0001,200,1.3249
0.0737,0.0000,0.0000,0.0001,0.0735,0.0001,200,1.7015
0.0741,0.0000,0.0000,0.0001,0.0738,0.0001,200,1.7012
0.0436,0.0000,0.0000,0.0000,0.0435,0.0001,200,1.7329
0.0810,0.0000,0.0000,0.0000,0.0808,0.0001,200,1.7014
0.0531,0.0000,0.0000,0.0001,0.0529,0.0001,200,1.7293
0.6840,0.0000,0.0000,0.0001,0.6816,0.0001,200,1.1039
0.4935,0.0000,0.0000,0.0000,0.4933,0.0001,200,1.2944
0.0802,0.0000,0.0000,0.0001,0.0800,0.0001,200,1.7116
1.3913,0.0000,0.0000,0.0001,1.3910,0.0001,200,0.4013
0.0480,0.0000,0.0000,0.0000,0.0478,0.0001,200,1.7470
0.0885,0.0000,0.0000,0.0000,0.0883,0.0001,200,1.7130
0.4098,0.0000,0.0000,0.0000,0.4096,0.0001,200,1.4014
1.0174,0.0000,0.0000,0.0000,1.0172,0.0000,200,0.7962
0.0434,0.0000,0.0000,0.0001,0.0432,0.0000,200,1.7751
0.2184,0.0000,0.0000,0.0000,0.2183,0.0000,200,1.6016
0.7244,0.0000,0.0000,0.0001,0.7243,0.0000,200,1.0991
0.8522,0.0000,0.0000,0.0001,0.8521,0.0000,200,0.9730
0.2345,0.0000,0.0000,0.0000,0.2344,0.0001,200,1.6014
0.0447,0.0000,0.0000,0.0001,0.0445,0.0001,200,1.7926
0.0462,0.0000,0.0000,0.0001,0.0460,0.0001,200,1.8011
0.3468,0.0000,0.0000,0.0000,0.3467,0.0001,200,1.5016
0.0631,0.0000,0.0000,0.0001,0.0629,0.0001,200,1.7879
0.0682,0.0000,0.0000,0.0001,0.0680,0.0001,200,1.7879
0.0601,0.0000,0.0000,0.0001,0.0598,0.0001,200,1.8015
0.0600,0.0000,0.0000,0.0000,0.0598,0.0001,200,1.8016
0.0602,0.0000,0.0000,0.0001,0.0600,0.0001,200,1.8014
0.0601,0.0000,0.0000,0.0001,0.0600,0.0000,200,1.8014
0.0508,0.0000,0.0000,0.0000,0.0507,0.0001,200,1.8136
0.8576,0.0000,0.0000,0.0000,0.8573,0.0002,200,1.0113
0.0465,0.0000,0.0000,0.0000,0.0463,0.0001,200,1.8236
0.6205,0.0000,0.0000,0.0000,0.6203,0.0001,200,1.2505
0.0602,0.0000,0.0000,0.0001,0.0600,0.0001,200,1.8112
0.0709,0.0000,0.0000,0.0000,0.0707,0.0001,200,1.8015
0.7761,0.0000,0.0000,0.0001,0.7696,0.0001,200,1.1000
0.0519,0.0000,0.0000,0.0000,0.0518,0.0001,200,1.8252
1.2576,0.0000,0.0000,0.0000,1.2574,0.0001,200,0.6234
0.4718,0.0000,0.0000,0.0000,0.4716,0.0001,200,1.4106
0.0471,0.0000,0.0000,0.0000,0.0469,0.0001,200,1.8373
0.0485,0.0000,0.0000,0.0000,0.0483,0.0001,200,1.8359
0.6574,0.0000,0.0000,0.0000,0.6572,0.0001,200,1.2318
0.0504,0.0000,0.0000,0.0000,0.0503,0.0001,200,1.8510
0.0536,0.0000,0.0000,0.0000,0.0534,0.0001,200,1.8484
0.0502,0.0000,0.0000,0.0000,0.0501,0.0001,200,1.8561
0.6641,0.0000,0.0000,0.0000,0.6639,0.0001,200,1.2460
0.8924,0.0000,0.0000,0.0000,0.8923,0.0001,200,1.0201
0.0481,0.0000,0.0000,0.0001,0.0479,0.0001,200,1.8761
0.0433,0.0000,0.0000,0.0000,0.0431,0.0001,200,1.8824
0.0458,0.0000,0.0000,0.0001,0.0456,0.0001,200,1.8809
0.2269,0.0000,0.0000,0.0000,0.2267,0.0001,200,1.7012
0.0457,0.0000,0.0000,0.0001,0.0453,0.0002,200,1.8892
0.5445,0.0000,0.0000,0.0001,0.5441,0.0002,200,1.4014
0.0514,0.0000,0.0000,0.0000,0.0511,0.0001,200,1.9016
0.0514,0.0000,0.0000,0.0001,0.0511,0.0001,200,1.9015
0.5758,0.0000,0.0000,0.0000,0.5756,0.0001,200,1.3797
0.0554,0.0000,0.0000,0.0000,0.0552,0.0001,200,1.9019
0.8460,0.0000,0.0000,0.0000,0.8458,0.0001,200,1.1114
0.0563,0.0000,0.0000,0.0000,0.0561,0.0001,200,1.9017
0.0637,0.0000,0.0000,0.0001,0.0634,0.0001,200,1.9015
0.0536,0.0000,0.0000,0.0000,0.0534,0.0001,200,1.9125
0.4464,0.0000,0.0000,0.0001,0.4461,0.0001,200,1.5207
0.0660,0.0000,0.0000,0.0001,0.0657,0.0001,200,1.9012
0.0660,0.0000,0.0000,0.0001,0.0658,0.0001,200,1.9015
0.0672,0.0000,0.0000,0.0001,0.0670,0.0001,200,1.9015
0.0694,0.0000,0.0000,0.0001,0.0692,0.0001,200,1.9014
0.0697,0.0000,0.0000,0.0001,0.0695,0.0001,200,1.9016
0.0638,0.0000,0.0000,0.0000,0.0636,0.0001,200,1.9101
0.3762,0.0000,0.0000,0.0000,0.3760,0.0001,200,1.6014
0.0718,0.0000,0.0000,0.0000,0.0716,0.0001,200,1.9063
0.7172,0.0000,0.0000,0.0001,0.7170,0.0001,200,1.2864
0.0768,0.0000,0.0000,0.0000,0.0766,0.0001,200,1.9268
0.5987,0.0000,0.0000,0.0001,0.5985,0.0001,200,1.4052
0.0592,0.0000,0.0000,0.0001,0.0590,0.0001,200,1.9458
0.7641,0.0000,0.0000,0.0000,0.7640,0.0001,200,1.2410
0.0707,0.0000,0.0000,0.0001,0.0705,0.0001,200,1.9349
1.1038,0.0000,0.0000,0.0000,1.1036,0.0001,200,0.9020
0.4508,0.0000,0.0000,0.0000,0.4506,0.0001,200,1.5552
0.8048,0.0000,0.0000,0.0000,0.8046,0.0001,200,1.2012
1.1608,0.0000,0.0000,0.0000,1.1606,0.0001,200,0.8455
0.3199,0.0000,0.0000,0.0001,0.3197,0.0001,200,1.6886
0.0437,0.0000,0.0000,0.0001,0.0436,0.0001,200,1.9671
0.0492,0.0000,0.0000,0.0001,0.0489,0.0002,200,1.9777
0.8794,0.0000,0.0000,0.0000,0.8792,0.0002,200,1.1573
0.0624,0.0000,0.0000,0.0000,0.0622,0.0001,200,2.0051
0.0707,0.0000,0.0000,0.0001,0.0704,0.0001,200,2.0013
0.0684,0.0000,0.0000,0.0000,0.0682,0.0001,200,2.0060
0.0777,0.0000,0.0000,0.0000,0.0774,0.0002,200,2.0015
0.0804,0.0000,0.0000,0.0001,0.0801,0.0001,200,2.0016
0.7818,0.0000,0.0000,0.0000,0.7816,0.0001,200,1.3011
0.0817,0.0000,0.0000,0.0001,0.0815,0.0001,200,2.0014
0.0773,0.0000,0.0000,0.0000,0.0771,0.0001,200,2.0058
0.0821,0.0000,0.0000,0.0001,0.0818,0.0001,200,2.0014
0.1635,0.0000,0.0000,0.0000,0.1633,0.0001,200,1.9282
0.0878,0.0000,0.0000,0.0000,0.0876,0.0001,200,2.0039
0.2904,0.0000,0.0000,0.0000,0.2902,0.0001,200,1.8015
1.6378,0.0000,0.0000,0.0001,1.6376,0.0001,200,0.4547
0.3295,0.0000,0.0000,0.0001,0.3292,0.0001,200,1.7684
0.1973,0.0000,0.0000,0.0001,0.1970,0.0001,200,1.9012
1.1612,0.0000,0.0000,0.0001,1.1610,0.0001,200,0.9387
0.3042,0.0000,0.0000,0.0000,0.3040,0.0001,200,1.8013
0.1020,0.0000,0.0000,0.0000,0.1018,0.0001,200,2.0036
0.1066,0.0000,0.0000,0.0001,0.1064,0.0001,200,2.0015
0.0719,0.0000,0.0000,0.0001,0.0717,0.0001,200,2.0367
0.1014,0.0000,0.0000,0.0000,0.1012,0.0001,200,2.0086
0.0848,0.0000,0.0000,0.0001,0.0834,0.0013,200,2.0269
0.3928,0.0000,0.0000,0.0000,0.3919,0.0008,200,1.7190
0.1068,0.0000,0.0000,0.0000,0.1065,0.0002,200,2.0060
0.1908,0.0000,0.0000,0.0001,0.1906,0.0001,200,1.9242
0.1183,0.0000,0.0000,0.0000,0.1182,0.0000,200,2.0036
0.1255,0.0000,0.0000,0.0001,0.1254,0.0000,200,2.0014
0.1256,0.0000,0.0000,0.0000,0.1254,0.0000,200,2.0015
0.1270,0.0000,0.0000,0.0001,0.1269,0.0000,200,2.0013
0.0468,0.0000,0.0000,0.0001,0.0466,0.0001,200,2.0918
0.0500,0.0000,0.0000,0.0000,0.0499,0.0001,200,2.0926
0.2770,0.0000,0.0000,0.0000,0.2768,0.0000,200,1.8689
0.0498,0.0000,0.0000,0.0001,0.0496,0.0001,200,2.1012
0.9618,0.0000,0.0000,0.0000,0.9616,0.0001,200,1.1892
1.2462,0.0000,0.0000,0.0001,1.2461,0.0000,200,0.9099
0.0744,0.0000,0.0000,0.0001,0.0742,0.0000,200,2.0829
0.0560,0.0000,0.0000,0.0000,0.0558,0.0000,200,2.1013
0.0574,0.0000,0.0000,0.0000,0.0572,0.0000,200,2.1056
0.0568,0.0000,0.0000,0.0004,0.0563,0.0000,200,2.1117
0.0587,0.0000,0.0000,0.0000,0.0586,0.0000,200,2.1100
0.0715,0.0000,0.0000,0.0001,0.0714,0.0000,200,2.0979
0.0731,0.0000,0.0000,0.0000,0.0730,0.0001,200,2.0999
0.6609,0.0000,0.0000,0.0001,0.6607,0.0000,200,1.5130
0.0685,0.0000,0.0000,0.0000,0.0684,0.0000,200,2.1055
0.0792,0.0000,0.0000,0.0000,0.0791,0.0000,200,2.1014
0.0804,0.0000,0.0000,0.0000,0.0803,0.0000,200,2.1013
0.7735,0.0000,0.0000,0.0000,0.7734,0.0000,200,1.4118
0.0851,0.0000,0.0000,0.0000,0.0850,0.0000,200,2.1011
0.0858,0.0000,0.0000,0.0000,0.0857,0.0000,200,2.1015
0.0860,0.0000,0.0000,0.0000,0.0859,0.0000,200,2.1013
0.0897,0.0000,0.0000,0.0000,0.0896,0.0000,200,2.0985
0.0773,0.0000,0.0000,0.0001,0.0771,0.0000,200,2.1128
0.0739,0.0000,0.0000,0.0000,0.0738,0.0001,200,2.1218
0.0840,0.0000,0.0000,0.0003,0.0836,0.0001,200,2.1118
0.0483,0.0000,0.0000,0.0000,0.0482,0.0001,200,2.1562
0.0761,0.0000,0.0000,0.0000,0.0760,0.0001,200,2.1284
0.0698,0.0000,0.0000,0.0000,0.0697,0.0000,200,2.1426
0.0551,0.0000,0.0000,0.0000,0.0550,0.0001,200,2.1573
0.0738,0.0000,0.0000,0.0000,0.0737,0.0000,200,2.1386
0.1110,0.0000,0.0000,0.0000,0.1108,0.0001,200,2.1014
0.6114,0.0000,0.0000,0.0001,0.6111,0.0001,200,1.6014
0.0618,0.0000,0.0000,0.0000,0.0616,0.0001,200,2.1510
0.1028,0.0000,0.0000,0.0000,0.1026,0.0001,200,2.1150
0.0528,0.0000,0.0000,0.0000,0.0526,0.0001,200,2.1739
0.0536,0.0000,0.0000,0.0000,0.0535,0.0001,200,2.1731
0.0574,0.0000,0.0000,0.0000,0.0573,0.0001,200,2.1694
0.0433,0.0000,0.0000,0.0000,0.0432,0.0001,200,2.1853
0.2301,0.0000,0.0000,0.0000,0.2299,0.0000,200,2.0051
0.0496,0.0000,0.0000,0.0000,0.0495,0.0000,200,2.2013
0.0587,0.0000,0.0000,0.0000,0.0586,0.0001,200,2.2011
0.0586,0.0000,0.0000,0.0000,0.0585,0.0000,200,2.2013
0.5601,0.0000,0.0000,0.0001,0.5599,0.0001,200,1.7015
0.6402,0.0000,0.0000,0.0001,0.6400,0.0001,200,1.6229
0.0504,0.0000,0.0000,0.0000,0.0503,0.0000,200,2.2128
1.6324,0.0000,0.0000,0.0000,1.6323,0.0001,200,0.6394
0.0675,0.0000,0.0000,0.0000,0.0674,0.0001,200,2.2044
0.0708,0.0000,0.0000,0.0000,0.0707,0.0001,200,2.2012
0.0706,0.0000,0.0000,0.0000,0.0705,0.0001,200,2.2013
0.0709,0.0000,0.0000,0.0000,0.0708,0.0000,200,2.2011
0.0722,0.0000,0.0000,0.0000,0.0720,0.0001,200,2.2015
0.0693,0.0000,0.0000,0.0000,0.0692,0.0001,200,2.2044
0.0623,0.0000,0.0000,0.0000,0.0622,0.0001,200,2.2124
0.0767,0.0000,0.0000,0.0000,0.0766,0.0001,200,2.2012
0.0655,0.0000,0.0000,0.0000,0.0654,0.0001,200,2.2124
0.8672,0.0000,0.0000,0.0000,0.8670,0.0001,200,1.4107
0.0786,0.0000,0.0000,0.0000,0.0785,0.0001,200,2.2013
0.0662,0.0000,0.0000,0.0000,0.0660,0.0001,200,2.2178
0.3293,0.0000,0.0000,0.0001,0.3290,0.0002,200,1.9556
0.0581,0.0000,0.0000,0.0000,0.0577,0.0002,200,2.2267
0.0588,0.0000,0.0000,0.0001,0.0586,0.0001,200,2.2266
1.0639,0.0000,0.0000,0.0000,1.0638,0.0001,200,1.2219
0.0603,0.0000,0.0000,0.0000,0.0602,0.0001,200,2.2268
1.6642,0.0000,0.0000,0.0000,1.6641,0.0000,200,0.6234
0.8012,0.0000,0.0000,0.0001,0.8010,0.0001,200,1.5014
1.6895,0.0000,0.0000,0.0000,1.6893,0.0001,200,0.6269
0.0480,0.0000,0.0000,0.0000,0.0477,0.0002,200,2.2719
0.3315,0.0000,0.0000,0.0001,0.3309,0.0002,200,2.0014
0.0478,0.0000,0.0000,0.0000,0.0476,0.0001,200,2.2858
0.0494,0.0000,0.0000,0.0000,0.0492,0.0001,200,2.2876
1.0690,0.0000,0.0000,0.0000,1.0688,0.0001,200,1.2764
0.2233,0.0000,0.0000,0.0000,0.2232,0.0002,200,2.1270
0.0524,0.0000,0.0000,0.0001,0.0521,0.0001,200,2.3012
0.0523,0.0000,0.0000,0.0001,0.0521,0.0001,200,2.3013
0.0521,0.0000,0.0000,0.0000,0.0519,0.0001,200,2.3026
0.0552,0.0000,0.0000,0.0001,0.0550,0.0001,200,2.3013
0.0573,0.0000,0.0000,0.0004,0.0567,0.0001,200,2.3012
0.0579,0.0000,0.0000,0.0004,0.0573,0.0001,200,2.3015
0.0592,0.0000,0.0000,0.0005,0.0585,0.0001,200,2.3016
0.0602,0.0000,0.0000,0.0003,0.0596,0.0001,200,2.3014
0.0668,0.0000,0.0000,0.0001,0.0665,0.0001,200,2.3013
0.0706,0.0000,0.0000,0.0004,0.0700,0.0001,200,2.3016
0.5716,0.0000,0.0000,0.0001,0.5714,0.0001,200,1.8014
0.0716,0.0000,0.0000,0.0004,0.0710,0.0001,200,2.3016
0.0549,0.0000,0.0000,0.0001,0.0547,0.0001,200,2.3199
0.0602,0.0000,0.0000,0.0001,0.0600,0.0001,200,2.3164
0.0470,0.0000,0.0000,0.0000,0.0468,0.0001,200,2.3335
1.2837,0.0000,0.0000,0.0014,1.2815,0.0002,200,1.1018
0.9840,0.0000,0.0000,0.0000,0.9838,0.0001,200,1.4016
0.0489,0.0000,0.0000,0.0000,0.0487,0.0001,200,2.3370
0.0545,0.0000,0.0000,0.0001,0.0543,0.0001,200,2.3329
0.9954,0.0000,0.0000,0.0001,0.9952,0.0001,200,1.3920
1.0623,0.0000,0.0000,0.0000,1.0621,0.0001,200,1.3275
0.4020,0.0000,0.0000,0.0001,0.4017,0.0001,200,2.0012
0.3987,0.0000,0.0000,0.0000,0.3985,0.0001,200,2.0063
0.9150,0.0000,0.0000,0.0001,0.9148,0.0001,200,1.4921
0.2349,0.0000,0.0000,0.0000,0.2347,0.0002,200,2.1882
0.2253,0.0000,0.0000,0.0000,0.2252,0.0001,200,2.2013
0.0510,0.0000,0.0000,0.0001,0.0508,0.0001,200,2.3854
0.0525,0.0000,0.0000,0.0001,0.0523,0.0001,200,2.3856
0.9871,0.0000,0.0000,0.0001,0.9868,0.0001,200,1.4511
0.0539,0.0000,0.0000,0.0000,0.0537,0.0001,200,2.3898
0.0497,0.0000,0.0000,0.0000,0.0495,0.0001,200,2.4016
0.0532,0.0000,0.0000,0.0000,0.0530,0.0001,200,2.4032
0.0686,0.0000,0.0000,0.0000,0.0683,0.0001,200,2.4013
0.0757,0.0000,0.0000,0.0000,0.0755,0.0001,200,2.4014
0.0754,0.0000,0.0000,0.0000,0.0752,0.0001,200,2.4050
0.0794,0.0000,0.0000,0.0001,0.0792,0.0001,200,2.4010
0.0789,0.0000,0.0000,0.0000,0.0787,0.0001,200,2.4016
0.0792,0.0000,0.0000,0.0001,0.0790,0.0001,200,2.4013
0.0791,0.0000,0.0000,0.0000,0.0789,0.0001,200,2.4015
0.0877,0.0000,0.0000,0.0001,0.0875,0.0001,200,2.4011
0.0817,0.0000,0.0000,0.0000,0.0815,0.0001,200,2.4071
1.1216,0.0000,0.0000,0.0001,1.1214,0.0001,200,1.3672
0.0525,0.0000,0.0000,0.0000,0.0524,0.0001,200,2.4381
0.9563,0.0000,0.0000,0.0000,0.9562,0.0001,200,1.5351
0.9907,0.0000,0.0000,0.0001,0.9904,0.0001,200,1.5013
0.2796,0.0000,0.0000,0.0000,0.2795,0.0001,200,2.2124
0.2908,0.0000,0.0000,0.0000,0.2907,0.0001,200,2.2012
0.0507,0.0000,0.0000,0.0000,0.0505,0.0001,200,2.4437
0.9932,0.0000,0.0000,0.0000,0.9930,0.0001,200,1.5012
0.0713,0.0000,0.0000,0.0001,0.0710,0.0001,200,2.4232
0.1305,0.0000,0.0000,0.0001,0.1303,0.0001,200,2.3730
1.0828,0.0000,0.0000,0.0000,1.0826,0.0001,200,1.4227
1.0853,0.0000,0.0000,0.0000,1.0852,0.0001,200,1.4231
0.8963,0.0000,0.0000,0.0001,0.8961,0.0001,200,1.6231
0.0448,0.0000,0.0000,0.0000,0.0447,0.0000,200,2.4920
0.1379,0.0000,0.0000,0.0000,0.1378,0.0000,200,2.4015
0.2509,0.0000,0.0000,0.0001,0.2507,0.0001,200,2.3014
0.0569,0.0000,0.0000,0.0001,0.0567,0.0001,200,2.5035
0.0606,0.0000,0.0000,0.0001,0.0604,0.0001,200,2.5013
0.7431,0.0000,0.0000,0.0000,0.7429,0.0001,200,1.8200
0.0637,0.0000,0.0000,0.0001,0.0632,0.0001,200,2.5014
0.4381,0.0000,0.0000,0.0000,0.4380,0.0001,200,2.1271
0.0638,0.0000,0.0000,0.0000,0.0637,0.0000,200,2.5014
0.0602,0.0000,0.0000,0.0000,0.0601,0.0001,200,2.5055
0.0761,0.0000,0.0000,0.0001,0.0757,0.0001,200,2.5013
0.0760,0.0000,0.0000,0.0000,0.0758,0.0001,200,2.5015
0.4317,0.0000,0.0000,0.0000,0.4315,0.0001,200,2.1458
0.0634,0.0000,0.0000,0.0001,0.0632,0.0001,200,2.5194
0.0454,0.0000,0.0000,0.0000,0.0453,0.0001,200,2.5394
1.0851,0.0000,0.0000,0.0001,1.0849,0.0001,200,1.5012
0.7222,0.0000,0.0000,0.0001,0.7220,0.0001,200,1.8710
0.0456,0.0000,0.0000,0.0000,0.0454,0.0001,200,2.5522
0.2590,0.0000,0.0000,0.0001,0.2587,0.0001,200,2.3454
0.8064,0.0000,0.0000,0.0000,0.8062,0.0001,200,1.8016
0.5036,0.0000,0.0000,0.0000,0.5034,0.0001,200,2.1086
0.0517,0.0000,0.0000,0.0000,0.0515,0.0001,200,2.5652
0.2170,0.0000,0.0000,0.0000,0.2168,0.0001,200,2.4011
0.3572,0.0000,0.0000,0.0000,0.3571,0.0001,200,2.2631
0.2211,0.0000,0.0000,0.0001,0.2208,0.0001,200,2.4012
0.1262,0.0000,0.0000,0.0000,0.1260,0.0001,200,2.5084
0.3567,0.0000,0.0000,0.0000,0.3566,0.0001,200,2.2779
0.0510,0.0000,0.0000,0.0000,0.0508,0.0001,200,2.5862
0.0463,0.0000,0.0000,0.0001,0.0461,0.0001,200,2.5932
0.1433,0.0000,0.0000,0.0001,0.1430,0.0001,200,2.5015
0.6897,0.0000,0.0000,0.0001,0.6894,0.0001,200,1.9574
0.7497,0.0000,0.0000,0.0001,0.7494,0.0001,200,1.9017
0.0527,0.0000,0.0000,0.0000,0.0525,0.0001,200,2.6015
0.0592,0.0000,0.0000,0.0001,0.0589,0.0002,200,2.6012
0.0680,0.0000,0.0000,0.0000,0.0678,0.0001,200,2.6013
0.0682,0.0000,0.0000,0.0001,0.0680,0.0001,200,2.6012
0.0651,0.0000,0.0000,0.0000,0.0649,0.0001,200,2.6043
0.0693,0.0000,0.0000,0.0000,0.0691,0.0001,200,2.6013
0.0731,0.0000,0.0000,0.0000,0.0729,0.0001,200,2.6080
1.2741,0.0000,0.0000,0.0000,1.2740,0.0001,200,1.4071
0.0808,0.0000,0.0000,0.0000,0.0806,0.0001,200,2.6016
0.2037,0.0000,0.0000,0.0000,0.2035,0.0001,200,2.4914
0.0480,0.0000,0.0000,0.0000,0.0478,0.0001,200,2.6471
0.0940,0.0000,0.0000,0.0001,0.0937,0.0001,200,2.6012
0.0754,0.0000,0.0000,0.0000,0.0752,0.0001,200,2.6203
0.3000,0.0000,0.0000,0.0000,0.2997,0.0001,200,2.4014
0.0679,0.0000,0.0000,0.0001,0.0677,0.0001,200,2.6373
0.8116,0.0000,0.0000,0.0001,0.8114,0.0001,200,1.9013
0.1787,0.0000,0.0000,0.0000,0.1786,0.0001,200,2.5369
0.1484,0.0000,0.0000,0.0001,0.1482,0.0001,200,2.5775
0.0448,0.0000,0.0000,0.0001,0.0445,0.0001,200,2.6812
0.9307,0.0000,0.0000,0.0001,0.9303,0.0002,200,1.8012
0.0443,0.0000,0.0000,0.0001,0.0440,0.0001,200,2.6951
0.5490,0.0000,0.0000,0.0000,0.5488,0.0001,200,2.2013
0.0490,0.0000,0.0000,0.0001,0.0488,0.0001,200,2.7015
0.5502,0.0000,0.0000,0.0000,0.5501,0.0001,200,2.2016
0.0519,0.0000,0.0000,0.0000,0.0518,0.0000,200,2.7016
0.0550,0.0000,0.0000,0.0001,0.0548,0.0000,200,2.7016
0.9581,0.0000,0.0000,0.0001,0.9579,0.0000,200,1.8012
0.0458,0.0000,0.0000,0.0000,0.0457,0.0001,200,2.7156
0.2702,0.0000,0.0000,0.0000,0.2700,0.0000,200,2.4920
0.4828,0.0000,0.0000,0.0001,0.4826,0.0001,200,2.2848
0.0451,0.0000,0.0000,0.0001,0.0449,0.0001,200,2.7260
0.4718,0.0000,0.0000,0.0005,0.4711,0.0001,200,2.3016
0.0808,0.0000,0.0000,0.0001,0.0805,0.0001,200,2.7015
0.5488,0.0000,0.0000,0.0000,0.5487,0.0001,200,2.2352
0.0622,0.0000,0.0000,0.0001,0.0620,0.0001,200,2.7259
2.0231,0.0000,0.0000,0.0001,2.0228,0.0001,200,0.7661
0.4995,0.0000,0.0000,0.0004,0.4989,0.0002,200,2.3013
0.0491,0.0000,0.0000,0.0001,0.0489,0.0002,200,2.7517
0.3995,0.0000,0.0000,0.0000,0.3993,0.0001,200,2.4015
0.0452,0.0000,0.0000,0.0000,0.0449,0.0002,200,2.7622
0.3159,0.0000,0.0000,0.0000,0.3157,0.0001,200,2.4920
0.0479,0.0000,0.0000,0.0000,0.0477,0.0001,200,2.7677
0.1824,0.0000,0.0000,0.0000,0.1822,0.0001,200,2.6395
0.2038,0.0000,0.0000,0.0001,0.2035,0.0001,200,2.6181
0.3296,0.0000,0.0000,0.0001,0.3293,0.0000,200,2.5012
0.1291,0.0000,0.0000,0.0000,0.1290,0.0000,200,2.7016
0.3295,0.0000,0.0000,0.0001,0.3293,0.0000,200,2.5012
0.0432,0.0000,0.0000,0.0001,0.0431,0.0000,200,2.7891
0.3454,0.0000,0.0000,0.0001,0.3452,0.0000,200,2.4889
0.0472,0.0000,0.0000,0.0001,0.0470,0.0000,200,2.8014
1.0330,0.0000,0.0000,0.0000,1.0329,0.0000,200,1.8185
0.0519,0.0000,0.0000,0.0001,0.0517,0.0000,200,2.8010
0.4544,0.0000,0.0000,0.0000,0.4543,0.0000,200,2.4013
0.2401,0.0000,0.0000,0.0001,0.2399,0.0001,200,2.6347
0.1749,0.0000,0.0000,0.0000,0.1747,0.0001,200,2.7129
0.0571,0.0000,0.0000,0.0001,0.0569,0.0001,200,2.8308
0.0556,0.0000,0.0000,0.0000,0.0554,0.0001,200,2.8323
0.0550,0.0000,0.0000,0.0000,0.0549,0.0001,200,2.8342
0.4532,0.0000,0.0000,0.0001,0.4531,0.0001,200,2.4365
0.2892,0.0000,0.0000,0.0001,0.2889,0.0001,200,2.6011
0.2591,0.0000,0.0000,0.0001,0.2589,0.0001,200,2.6346
0.5930,0.0000,0.0000,0.0005,0.5920,0.0001,200,2.3012
0.4023,0.0000,0.0000,0.0000,0.4021,0.0001,200,2.5016
0.2027,0.0000,0.0000,0.0001,0.2024,0.0001,200,2.7014
0.3118,0.0000,0.0000,0.0001,0.3116,0.0001,200,2.6012
0.1058,0.0000,0.0000,0.0001,0.1055,0.0002,200,2.8219
0.0469,0.0000,0.0000,0.0000,0.0467,0.0001,200,2.8937
0.0606,0.0000,0.0000,0.0001,0.0604,0.0001,200,2.8879
0.0548,0.0000,0.0000,0.0000,0.0546,0.0001,200,2.8942
0.2520,0.0000,0.0000,0.0001,0.2518,0.0001,200,2.7014
0.0791,0.0000,0.0000,0.0000,0.0789,0.0001,200,2.8748
0.0542,0.0000,0.0000,0.0001,0.0540,0.0001,200,2.9014
0.5738,0.0000,0.0000,0.0001,0.5735,0.0001,200,2.3874
0.0603,0.0000,0.0000,0.0001,0.0601,0.0001,200,2.9011
0.0602,0.0000,0.0000,0.0001,0.0600,0.0001,200,2.9014
0.1620,0.0000,0.0000,0.0001,0.1618,0.0001,200,2.8013
0.1619,0.0000,0.0000,0.0001,0.1617,0.0001,200,2.8015
1.1652,0.0000,0.0000,0.0001,1.1650,0.0001,200,1.8016
0.2279,0.0000,0.0000,0.0001,0.2277,0.0001,200,2.7394
0.1208,0.0000,0.0000,0.0000,0.1207,0.0001,200,2.8515
0.0724,0.0000,0.0000,0.0001,0.0721,0.0001,200,2.9015
0.2781,0.0000,0.0000,0.0000,0.2779,0.0001,200,2.7016
0.2055,0.0000,0.0000,0.0000,0.2053,0.0001,200,2.7840
0.2896,0.0000,0.0000,0.0000,0.2894,0.0001,200,2.7018
0.0894,0.0000,0.0000,0.0000,0.0892,0.0001,200,2.9041
0.0457,0.0000,0.0000,0.0000,0.0454,0.0001,200,2.9490
0.0429,0.0000,0.0000,0.0000,0.0427,0.0001,200,2.9534
0.0583,0.0000,0.0000,0.0001,0.0580,0.0002,200,2.9406
0.1755,0.0000,0.0000,0.0000,0.1754,0.0001,200,2.8308
0.3029,0.0000,0.0000,0.0001,0.3027,0.0001,200,2.7052
0.0498,0.0000,0.0000,0.0000,0.0496,0.0001,200,2.9612
0.0477,0.0000,0.0000,0.0000,0.0475,0.0001,200,2.9634
1.3095,0.0000,0.0000,0.0000,1.3092,0.0002,200,1.7074
0.1130,0.0000,0.0000,0.0000,0.1127,0.0002,200,2.9039
0.1161,0.0000,0.0000,0.0000,0.1159,0.0001,200,2.9130
0.0495,0.0000,0.0000,0.0000,0.0493,0.0001,200,2.9797
0.0878,0.0000,0.0000,0.0000,0.0877,0.0001,200,2.9484
0.0482,0.0000,0.0000,0.0001,0.0480,0.0001,200,2.9895
0.1524,0.0000,0.0000,0.0000,0.1522,0.0001,200,2.8897
0.0555,0.0000,0.0000,0.0001,0.0552,0.0002,200,3.0011
0.0565,0.0000,0.0000,0.0001,0.0562,0.0001,200,3.0012
0.0611,0.0000,0.0000,0.0001,0.0609,0.0001,200,3.0012
0.0546,0.0000,0.0000,0.0000,0.0545,0.0001,200,3.0081
0.0482,0.0000,0.0000,0.0000,0.0480,0.0001,200,3.0169
0.1037,0.0000,0.0000,0.0000,0.1035,0.0001,200,2.9668
0.0430,0.0000,0.0000,0.0000,0.0428,0.0001,200,3.0292
0.0717,0.0000,0.0000,0.0001,0.0715,0.0001,200,3.0014
0.3138,0.0000,0.0000,0.0000,0.3136,0.0001,200,2.7593
1.1631,0.0000,0.0000,0.0000,1.1629,0.0002,200,1.9257
0.0724,0.0000,0.0000,0.0001,0.0722,0.0001,200,3.0169
0.0549,0.0000,0.0000,0.0001,0.0547,0.0001,200,3.0377
0.0532,0.0000,0.0000,0.0000,0.0529,0.0002,200,3.0421
0.0590,0.0000,0.0000,0.0000,0.0588,0.0001,200,3.0363
0.1201,0.0000,0.0000,0.0000,0.1198,0.0001,200,3.0063
0.1193,0.0000,0.0000,0.0000,0.1190,0.0002,200,3.0731
0.1220,0.0000,0.0000,0.0001,0.1217,0.0001,200,3.0705
2.2537,0.0000,0.0000,0.0000,2.2535,0.0001,200,0.9405
0.1348,0.0000,0.0000,0.0001,0.1345,0.0001,200,3.1014
1.8135,0.0000,0.0000,0.0000,1.8133,0.0001,200,1.4227
0.2347,0.0000,0.0000,0.0001,0.2345,0.0001,200,3.0015
1.6349,0.0000,0.0000,0.0004,1.6344,0.0002,200,1.6013
2.0260,0.0000,0.0000,0.0000,2.0258,0.0002,200,1.2103
0.2252,0.0000,0.0000,0.0001,0.2249,0.0002,200,3.0111
1.7851,0.0000,0.0000,0.0001,1.7847,0.0002,200,1.4512
0.2350,0.0000,0.0000,0.0001,0.2345,0.0001,200,3.0014
0.1351,0.0000,0.0000,0.0001,0.1349,0.0001,200,3.1013
2.1058,0.0000,0.0000,0.0000,2.1056,0.0001,200,1.1307
0.1354,0.0000,0.0000,0.0001,0.1351,0.0001,200,3.1011
2.0387,0.0000,0.0000,0.0000,2.0382,0.0004,200,1.1978
0.2828,0.0000,0.0000,0.0000,0.2826,0.0001,200,2.9539
2.2189,0.0000,0.0000,0.0000,2.2186,0.0002,200,1.0179
0.1620,0.0000,0.0000,0.0001,0.1618,0.0001,200,3.1263
1.6291,0.0000,0.0000,0.0001,1.6289,0.0001,200,1.6593
0.1869,0.0000,0.0000,0.0000,0.1867,0.0001,200,3.1015
0.1868,0.0000,0.0000,0.0001,0.1866,0.0001,200,3.1015
0.1872,0.0000,0.0000,0.0001,0.1869,0.0001,200,3.1012
0.0960,0.0000,0.0000,0.0001,0.0957,0.0001,200,3.1924
0.2012,0.0000,0.0000,0.0001,0.2010,0.0001,200,3.0889
0.0536,0.0000,0.0000,0.0001,0.0535,0.0001,200,3.2365
0.0581,0.0000,0.0000,0.0000,0.0579,0.0001,200,3.2365
0.0579,0.0000,0.0000,0.0000,0.0577,0.0001,200,3.2367
0.0584,0.0000,0.0000,0.0001,0.0583,0.0000,200,3.2363
0.0599,0.0000,0.0000,0.0001,0.0597,0.0001,200,3.2363
0.1020,0.0000,0.0000,0.0000,0.1018,0.0001,200,3.1942
0.0600,0.0000,0.0000,0.0001,0.0598,0.0001,200,3.2363
2.3119,0.0000,0.0000,0.0001,2.3116,0.0001,200,0.9851
0.0641,0.0000,0.0000,0.0001,0.0638,0.0001,200,3.2362
0.2103,0.0000,0.0000,0.0001,0.2100,0.0001,200,3.1012
0.0886,0.0000,0.0000,0.0001,0.0884,0.0001,200,3.2364
0.0905,0.0000,0.0000,0.0000,0.0903,0.0001,200,3.2365
0.0962,0.0000,0.0000,0.0000,0.0957,0.0001,200,3.2362
0.0528,0.0000,0.0000,0.0000,0.0526,0.0001,200,3.2884
0.0538,0.0000,0.0000,0.0000,0.0536,0.0001,200,3.2970
0.0546,0.0000,0.0000,0.0001,0.0544,0.0001,200,3.2963
0.0625,0.0000,0.0000,0.0000,0.0623,0.0001,200,3.2884
0.0671,0.0000,0.0000,0.0000,0.0669,0.0001,200,3.2884
0.0542,0.0000,0.0000,0.0001,0.0540,0.0001,200,3.3012
0.0542,0.0000,0.0000,0.0001,0.0540,0.0001,200,3.3013
0.0544,0.0000,0.0000,0.0001,0.0541,0.0001,200,3.3012
0.0557,0.0000,0.0000,0.0001,0.0554,0.0001,200,3.3013
0.0453,0.0000,0.0000,0.0001,0.0451,0.0001,200,3.3250
0.0510,0.0000,0.0000,0.0000,0.0508,0.0001,200,3.3270
0.0486,0.0000,0.0000,0.0001,0.0485,0.0000,200,3.3324
0.0837,0.0000,0.0000,0.0001,0.0835,0.0001,200,3.3013
0.0447,0.0000,0.0000,0.0001,0.0445,0.0001,200,3.3412
0.1623,0.0000,0.0000,0.0002,0.1620,0.0001,200,3.2363
0.0478,0.0000,0.0000,0.0000,0.0477,0.0001,200,3.3508
0.1124,0.0000,0.0000,0.0000,0.1123,0.0001,200,3.2884
0.0607,0.0000,0.0000,0.0001,0.0605,0.0001,200,3.3508
0.0622,0.0000,0.0000,0.0000,0.0620,0.0001,200,3.3508
0.1946,0.0000,0.0000,0.0001,0.1943,0.0001,200,3.2362
0.1301,0.0000,0.0000,0.0001,0.1299,0.0001,200,3.3013
0.0464,0.0000,0.0000,0.0000,0.0463,0.0001,200,3.4008
0.0499,0.0000,0.0000,0.0000,0.0498,0.0000,200,3.3987
0.0964,0.0000,0.0000,0.0001,0.0962,0.0001,200,3.3555
0.0542,0.0000,0.0000,0.0000,0.0541,0.0000,200,3.4012
0.0543,0.0000,0.0000,0.0000,0.0542,0.0000,200,3.4011
0.0542,0.0000,0.0000,0.0000,0.0540,0.0000,200,3.4012
0.0542,0.0000,0.0000,0.0000,0.0541,0.0000,200,3.4012
0.0582,0.0000,0.0000,0.0002,0.0579,0.0000,200,3.4013
0.0583,0.0000,0.0000,0.0000,0.0581,0.0000,200,3.4013
0.0673,0.0000,0.0000,0.0000,0.0670,0.0001,200,3.4013
0.0698,0.0000,0.0000,0.0000,0.0696,0.0001,200,3.4115
0.0706,0.0000,0.0000,0.0000,0.0704,0.0001,200,3.4130
0.0707,0.0000,0.0000,0.0000,0.0705,0.0002,200,3.4472
0.0702,0.0000,0.0000,0.0000,0.0700,0.0001,200,3.4486
0.0595,0.0000,0.0000,0.0001,0.0592,0.0001,200,3.5013
0.0461,0.0000,0.0000,0.0001,0.0458,0.0001,200,3.5187
0.0823,0.0000,0.0000,0.0001,0.0820,0.0001,200,3.5012
0.0834,0.0000,0.0000,0.0001,0.0831,0.0001,200,3.5012
0.0832,0.0000,0.0000,0.0001,0.0829,0.0001,200,3.5013
0.0834,0.0000,0.0000,0.0001,0.0831,0.0001,200,3.5012
0.0533,0.0000,0.0000,0.0001,0.0530,0.0001,200,3.6012
0.0580,0.0000,0.0000,0.0001,0.0577,0.0001,200,3.6012
0.0582,0.0000,0.0000,0.0001,0.0580,0.0001,200,3.6014
0.0705,0.0000,0.0000,0.0001,0.0702,0.0002,200,3.6012
0.0710,0.0000,0.0000,0.0001,0.0707,0.0001,200,3.6015
0.0733,0.0000,0.0000,0.0001,0.0730,0.0002,200,3.6013
0.0608,0.0000,0.0000,0.0001,0.0605,0.0001,200,3.7015
0.0713,0.0000,0.0000,0.0001,0.0710,0.0001,200,3.7012
0.0714,0.0000,0.0000,0.0001,0.0711,0.0001,200,3.7011
0.0729,0.0000,0.0000,0.0001,0.0727,0.0001,200,3.7012
0.0743,0.0000,0.0000,0.0001,0.0740,0.0001,200,3.7013
0.0494,0.0000,0.0000,0.0001,0.0491,0.0001,200,3.8011
0.0501,0.0000,0.0000,0.0000,0.0499,0.0001,200,3.8015
